# 2d5e0735-760b-4d09-a91b-45a23921546d
11	6	6	191	35
0.0	59.4	83.9	78.2	81.8	47.1	72.4	131.4	53.3	37.7	57.5
166.5	0.0	37.5	75.8	80.4	51.6	35.5	50.5	154.9	84.0	123.2
196.4	198.1	0.0	125.1	25.0	179.9	192.5	36.2	125.0	88.0	76.0
67.0	94.4	181.3	0.0	40.9	106.7	160.0	52.1	160.2	121.9	145.3
102.9	156.0	175.3	97.5	0.0	146.0	106.1	166.0	18.5	98.8	65.2
99.4	67.3	197.7	171.4	35.7	0.0	119.4	120.3	87.4	98.2	160.9
173.5	14.2	22.6	64.3	136.3	188.7	0.0	147.3	90.4	24.7	32.3
34.2	64.3	167.5	98.1	169.5	152.7	173.7	0.0	114.8	139.2	166.7
148.4	133.0	53.9	196.9	39.9	34.6	130.2	24.2	0.0	164.7	139.3
155.8	51.5	75.2	12.4	122.9	129.2	38.9	130.7	16.8	0.0	58.1
38.9	103.5	32.0	152.8	27.1	27.6	84.8	71.8	107.2	127.0	0.0
1	59411	1	2
2	64701	6	7
3	12252	4	2
4	39136	2	5
5	31347	2	10
6	19486	5	8
7	52517	3	2
8	44392	3	7
9	14163	3	2
10	28968	1	5
11	39544	5	8
12	43820	5	3
13	42325	1	3
14	77550	6	8
15	42159	1	5
16	57034	1	7
17	46654	6	10
18	15590	5	10
19	70769	3	9
20	15971	5	3
21	25435	3	8
22	72705	5	11
23	15656	4	11
24	42561	4	8
25	76005	2	10
26	74245	6	5
27	61801	6	10
28	63477	2	6
29	45657	1	8
30	51515	1	6
31	25807	3	7
32	56721	6	6
33	54051	5	11
34	16871	5	5
35	60880	5	10
1	1267	942	1084319	1145816	1961397	1661588	1769557	1424539	1305895	1382685	1487095	1451358	1364444
2	604	838	1239307	1552119	2011694	1390339	1203171	1086318	1734874	1243231	1712125	1023846	931803
3	744	975	1686223	1695037	1073513	2131931	1613582	1912540	1543804	1501836	1449667	1821728	1749300
4	1266	1474	1689819	1618567	1083669	1183125	1429913	2036738	1143681	1744628	1314032	1053987	1190893
5	100	1009	1504345	1247744	1527063	1170110	1988880	1232170	1664804	1812342	1884506	1841292	1335662
6	379	83	1702433	1029721	1161607	1750763	1415730	1722504	1729804	1256214	1598663	1560464	1512589
1.0	16.4	606.7
2.0	1460.6	601.4
3.0	248.9	776.9
4.0	297.8	593.8
5.0	859.3	1239.9
6.0	1117.8	1057.5
1	550	582	63299	0	0	28889	5684	0	994	0	67731	33317	73890
2	1129	1362	12730	27696	0	0	0	0	0	0	0	34377	26229
3	1461	1262	47343	48419	65944	13056	0	4023	73701	0	0	12502	0
4	132	214	7280	0	45793	3060	15812	0	0	28918	0	26710	0
5	1484	972	61708	0	0	5490	759	19144	23125	15271	52125	0	50496
6	268	1474	68626	45994	64390	2298	32965	35024	16442	73899	20417	21109	18846
7	604	168	0	0	0	0	50435	21361	34744	38028	73538	27190	625
8	990	966	69782	36017	73333	17661	0	0	26739	0	23427	47953	8861
9	244	1418	50129	44629	45640	35771	72320	0	53253	0	33680	0	0
10	1269	535	57416	2353	57692	8074	31541	3811	25298	5167	0	51980	3269
11	701	1386	40190	73147	0	39870	73562	67643	40160	51512	17719	0	37832
12	1219	19	59457	15553	59160	71686	6342	45203	0	73998	0	65095	38975
13	1256	556	49312	0	26373	8612	70902	6508	6913	3795	30890	47136	0
14	458	35	38307	10401	33915	20807	0	0	68164	5780	17542	36611	45240
15	1287	306	11805	968	44380	25994	31245	38929	22518	40908	0	61085	0
16	853	23	12407	0	0	27984	0	56720	0	27112	21660	17553	0
17	1175	1348	0	55358	26127	52388	6685	0	59747	0	0	0	0
18	1485	1229	0	56108	64227	31449	40564	70974	50436	1946	0	13456	24088
19	1346	1170	16381	11988	1336	51929	9926	0	0	0	3174	15823	5356
20	249	1358	24205	11973	15673	39421	8414	0	46866	0	53543	0	16334
21	520	924	934	13286	30079	0	0	61191	61167	0	68485	34368	34078
22	405	244	0	0	54748	15775	44961	0	25322	35800	10017	59145	45829
23	1073	234	3794	57170	0	65076	40879	9004	0	69704	22851	4590	15175
24	1249	1105	20869	69617	22693	8259	3188	1285	7817	24554	0	0	53910
25	1225	568	36533	17609	14711	44642	46754	24747	33430	37399	68281	0	0
26	1380	240	52395	26301	48845	0	0	0	12563	54362	43436	48152	0
27	733	120	0	24721	73376	72590	0	54375	70113	0	39010	11403	0
28	103	534	2024	67456	0	55721	0	38218	0	4822	0	0	22496
29	1147	1466	49854	0	38147	0	0	35322	44348	0	32318	27652	0
30	922	814	0	0	0	0	32282	0	0	0	0	32122	9884
31	889	1362	0	42509	45637	12288	13515	30351	4514	44242	0	0	0
32	1108	691	0	49776	0	34145	71377	28371	0	32932	34167	69282	0
33	500	597	67462	72563	23108	74733	0	69878	21150	64127	0	0	0
34	808	1224	56198	14961	67737	0	34152	35420	53063	65117	47460	0	0
35	543	1239	30249	46686	24895	54427	28357	0	30966	0	71656	47496	23609
36	1315	976	28198	15137	35414	45559	0	0	41546	70611	43136	0	32688
37	1258	923	0	49095	11026	72666	0	34634	16853	59835	67432	69885	64973
38	837	868	59020	0	34700	63952	10373	21041	61085	39145	70419	0	18632
39	371	909	0	0	66597	69911	30835	62699	0	0	49670	0	37501
40	2	1314	0	0	23075	26975	0	33048	16590	67886	24514	54112	0
41	1003	728	35482	13406	0	55608	6730	0	70726	60648	0	21379	0
42	386	642	73420	47016	0	53778	0	51500	20825	0	0	0	40395
43	1180	782	25161	0	0	0	40538	0	8985	0	43188	997	0
44	841	1034	17402	47470	58866	0	0	0	11323	0	53154	24076	19136
45	95	1111	52547	58777	15390	74048	0	0	1577	57813	0	46889	44705
46	747	570	0	35955	57638	0	0	17283	8138	70464	16133	49011	32944
47	1400	1415	0	0	36302	62963	30689	0	63557	66946	57003	59774	47344
48	609	1341	59959	25328	56914	35938	0	0	61575	43947	27273	56979	54930
49	1142	791	0	44225	22806	40150	48281	0	11615	69012	0	70420	42536
50	781	471	20665	40652	0	26159	4955	29268	43951	552	0	69358	20319
51	1182	729	37109	56920	59725	0	0	16315	0	19168	59175	41226	11624
52	1384	1469	0	21678	52732	0	42648	60089	15587	0	29837	0	0
53	1448	737	0	9687	68851	25611	48654	28525	70370	24523	35884	6721	15856
54	1173	1117	15289	30124	46929	68854	41137	24898	14298	71716	0	38221	15124
55	128	1405	0	56549	61706	0	0	34972	55589	57636	0	55394	27787
56	821	1099	71870	2899	0	20555	0	54075	32955	57398	0	62903	23565
57	306	856	0	0	0	15104	0	32856	0	48616	67797	6722	53372
58	1206	378	42815	0	0	69311	0	11363	49879	62879	52519	49857	0
59	1127	383	15698	29309	0	0	0	73005	0	0	540	27034	48425
60	1486	446	0	73988	0	27683	68418	56368	54198	4366	57092	0	0
61	1404	727	0	3774	50263	73608	32344	74988	55552	27281	37950	58615	11726
62	834	550	52743	0	47881	45167	62221	3531	31745	71143	0	30346	25212
63	1473	8	74640	28349	14590	12735	19706	0	51040	8075	0	50022	56752
64	475	1095	60394	0	2327	62775	0	65142	73489	15294	0	14476	13008
65	1070	566	3935	0	56556	6880	74317	9904	58130	58136	9401	0	21918
66	131	1339	63503	19910	22284	0	19219	17853	18037	39119	18746	0	54802
67	1306	1348	65177	39769	0	55748	64696	69501	18379	28724	15278	22075	4243
68	507	123	18210	12281	0	3073	0	70289	7519	23229	33195	23568	9815
69	1124	232	0	19118	0	25434	0	35842	25228	19359	33485	27116	40782
70	232	1340	665	0	64315	11985	47772	38830	68540	16162	65354	35895	27903
71	230	1445	59912	6914	2101	16673	54675	27518	70880	47218	0	0	65163
72	625	838	12794	33245	25833	0	35233	49475	0	42870	4279	54743	18879
73	763	1274	69479	0	0	50700	51760	0	7383	17685	73249	0	0
74	818	187	0	19105	59391	0	55981	61384	0	814	0	33260	34224
75	1237	280	67966	23548	68621	0	71971	0	5208	64340	10223	19742	0
76	642	1365	0	3243	58159	0	13321	24038	0	0	0	13358	0
77	1373	494	0	32787	0	73397	30304	24566	58089	27689	34197	0	0
78	18	1027	38515	5021	68326	0	0	64799	35611	0	22742	0	0
79	1384	752	6550	11664	74102	0	45899	37939	0	61158	26149	28324	2603
80	1024	944	40810	31110	0	0	10853	16635	14216	49774	73765	53923	0
81	502	865	0	54730	19446	17971	43978	0	11001	59264	72486	0	24223
82	579	845	39396	0	0	15758	5827	0	5221	7985	59544	24387	74282
83	1187	518	7213	58639	56247	35847	17139	0	0	41899	59115	51697	17773
84	684	1333	0	52723	74246	578	4127	21528	0	33516	68845	0	73267
85	676	279	0	38983	33875	0	0	45463	64616	0	52029	60479	56643
86	342	15	5158	0	0	23116	0	0	35348	3667	0	0	6466
87	1172	255	59000	54962	56523	23108	0	0	26307	13040	19950	0	0
88	346	478	26312	31123	18978	21156	27404	29977	5476	0	25041	41029	64252
89	1411	1364	30047	62166	55716	68566	72630	0	32744	67357	35960	16605	36073
90	991	1440	72385	0	0	60862	56576	30714	50514	14767	38849	32575	30901
91	1328	1159	58377	0	15331	0	0	39540	30198	27846	0	0	0
92	1116	912	5580	44380	32322	0	0	31876	30694	19293	7031	32653	32698
93	959	970	74203	35211	0	48876	26565	72204	0	30113	0	0	33536
94	1095	197	0	0	55310	0	41281	58002	0	0	53475	0	0
95	1004	769	46301	37987	0	41987	63888	51861	29155	0	6300	0	23170
96	304	1230	4832	68641	60529	32183	18635	12132	1619	13769	19446	23198	0
97	952	981	73014	0	70756	70300	60266	45777	51194	47239	66610	15831	17490
98	1381	540	0	17887	19155	49763	47522	63939	38102	16832	35549	41198	0
99	1109	151	0	34892	28839	73779	676	48144	0	46863	16967	43488	0
100	1441	921	4813	21543	55114	57777	45951	26212	43228	0	17585	39602	14921
101	1125	737	17092	70996	26074	55118	40767	27989	0	52900	24851	27061	49468
102	1444	841	8375	0	25735	0	63038	38435	22722	0	0	18369	73540
103	1444	202	70563	11552	0	40181	35456	3474	46750	70864	68151	42336	0
104	1056	1042	4644	57947	31333	58487	58671	0	17957	45406	27083	17692	5903
105	1074	572	54554	4471	22595	0	41622	21305	0	52101	53589	26451	35704
106	1249	115	24732	0	58047	74913	0	42244	64012	64726	56362	0	46007
107	350	767	62646	0	0	1186	25643	10994	27738	50563	0	23035	41481
108	1018	1432	0	19558	49129	0	60484	47327	38433	48111	0	0	0
109	117	742	67576	0	0	27660	0	54626	8392	42768	40396	44436	0
110	1092	527	0	0	20945	26516	25227	0	60398	0	0	44466	0
111	31	1108	16791	32643	0	0	8256	69725	50163	0	22476	26920	51377
112	537	1036	37834	7316	9162	59431	27648	51979	9913	22887	46320	58035	40934
113	649	1001	0	0	16553	0	67062	0	71072	12586	0	7980	0
114	542	859	50987	43668	44942	0	53275	0	39433	0	41961	39419	36602
115	473	516	47127	0	29679	50612	0	0	0	0	38646	0	655
116	1261	1234	10826	0	0	6024	67160	0	39776	43402	24120	0	29156
117	1062	912	0	13535	50296	31888	0	15839	68093	0	12498	38094	15629
118	445	460	29172	0	66723	0	0	0	32996	61952	55442	1631	42711
119	693	1214	71628	0	0	0	0	61633	49295	0	15657	39281	16782
120	1277	157	0	29671	0	69510	63910	45743	0	0	32344	0	0
121	1152	824	69396	0	30920	16507	57156	56121	2575	62097	33881	23364	0
122	510	641	48060	16795	26868	48098	31549	62171	0	53111	4349	19949	11723
123	20	493	13537	71400	30804	17836	16574	13167	12747	72870	31254	36552	47833
124	44	152	24292	10904	31436	49484	15397	38430	0	52450	0	18357	20424
125	699	1145	0	0	50600	15184	50299	1556	47644	58074	42408	46515	4095
126	1252	738	59142	58553	0	0	5448	65411	6641	38922	9982	74656	38505
127	305	1219	0	0	67495	0	56568	63724	28316	53198	39771	7839	0
128	1181	689	9600	0	0	22118	56966	44559	15928	34008	0	52932	27130
129	771	899	14239	20807	64397	33264	14264	0	0	17344	54988	24164	20046
130	1113	767	18161	3110	62799	59718	16601	0	40644	13084	57676	39561	59921
131	16	1091	28977	37903	0	68809	58399	39703	59362	6725	19719	50936	46107
132	706	965	38326	3719	56589	17663	63109	0	68443	0	14687	0	61669
133	709	515	44994	6251	37168	65601	0	37158	28792	70904	0	48718	0
134	1308	1420	0	0	2190	46159	54795	4150	9331	26109	18380	0	0
135	449	1044	66073	30868	0	54971	29110	0	0	34632	12323	0	43657
136	1151	215	71555	1736	48947	0	60618	63982	56650	0	0	31523	63365
137	679	67	0	65056	49638	43398	36963	0	0	72908	58786	0	0
138	558	911	0	57170	22430	40884	49048	40779	64083	46586	0	18327	37130
139	1291	1205	8875	0	19032	0	0	23528	0	0	53935	69155	59641
140	250	530	15188	42718	71360	68784	34554	0	0	8932	0	0	13041
141	608	471	12244	18092	0	55717	0	69850	57269	45326	0	3000	25946
142	1028	1041	54562	40073	15601	67836	34400	59582	30637	0	60765	41544	0
143	1485	1334	0	47679	7115	0	0	57096	0	0	0	24684	0
144	181	1331	72490	57080	3238	0	17207	16097	0	22122	22928	63850	19966
145	222	808	49206	23817	20663	39469	51744	0	34073	60734	42911	16404	30709
146	798	1330	22532	0	61809	28854	40542	0	0	36583	0	66028	55557
147	133	565	0	0	7523	48801	73917	0	14089	0	57349	1403	0
148	1340	1052	5846	55671	0	49020	17908	0	59499	0	0	68174	21506
149	770	430	36947	26000	27076	2083	44894	12125	56336	32215	857	0	0
150	203	222	74441	21242	68851	25654	0	21568	41015	0	0	61249	0
151	452	344	0	13064	16311	28189	53498	0	40444	6964	0	0	64523
152	702	963	57268	8944	38096	10780	33207	21205	56513	0	14538	1415	13526
153	1210	1150	5774	26379	7433	0	70225	72973	0	10873	0	930	0
154	701	1492	22096	1642	68841	0	6795	59699	39132	49283	0	32900	11561
155	173	900	43757	4728	31393	39359	0	10620	0	62379	0	68906	55352
156	638	62	66049	72062	21878	4010	62781	44318	49494	43279	69644	15285	9787
157	759	575	0	56464	74884	5342	0	15985	0	0	17170	29260	74686
158	670	187	0	0	0	0	46969	59726	2116	21104	62526	8764	63095
159	1395	819	25067	65054	29145	18823	58425	38162	26566	59996	66323	0	0
160	360	904	0	11682	0	54302	20404	0	0	5143	66640	53198	0
161	997	952	19843	45062	0	6637	74280	1914	40981	0	42578	71382	0
162	763	1056	48364	40421	70214	0	0	63782	0	38540	58150	47049	13020
163	543	1030	2787	63773	26855	0	40400	0	0	0	30581	24076	29435
164	860	538	9086	42043	5594	51483	0	59364	0	15243	19830	62564	0
165	86	769	0	30846	47305	0	73663	30464	52693	8796	70603	12909	24620
166	1358	1404	0	68528	0	0	46635	6234	0	73996	61235	48210	0
167	472	137	54857	0	0	46077	0	0	27254	61861	34403	0	74424
168	479	1487	71852	0	62212	46876	58589	0	67684	15548	61253	66844	52169
169	755	1215	38919	0	5175	13555	64694	12840	68646	66721	62847	46434	19265
170	495	456	0	34143	0	5480	0	21097	11290	63162	0	0	34348
171	1049	843	5944	60218	0	11937	37047	69013	1413	0	6452	67300	13216
172	516	148	33648	0	14083	67154	50149	27650	30874	34091	30067	59094	68573
173	1422	97	0	0	20586	0	34185	0	15463	0	72063	0	66604
174	1067	586	26550	10567	25058	70872	62383	54314	71241	0	68537	21261	59285
175	1471	1264	63204	37251	0	7368	31445	58792	70879	25480	0	0	74235
176	1409	741	0	74902	17528	50359	72788	0	0	0	68827	0	61461
177	918	211	58586	37610	5803	45280	5711	27606	0	0	13708	0	0
178	933	547	32367	66140	0	61457	9673	28231	57003	10092	23472	1523	0
179	360	834	45938	68608	0	28318	54383	12466	0	0	35551	41407	0
180	252	612	63230	43846	0	46429	35177	19895	72819	12522	0	0	51004
181	1004	630	18189	20185	0	5667	12974	73557	65406	64489	28939	28557	67345
182	1298	316	74992	0	0	0	0	0	68683	0	0	19380	38445
183	474	1258	70055	24906	0	53774	68800	0	29793	0	0	22735	13500
184	1137	1063	46797	0	1323	53196	47133	48419	38982	0	0	13946	70538
185	199	946	5358	16522	0	0	17987	68935	47317	0	47509	2320	0
186	729	1457	901	0	15076	72745	57338	0	14943	63616	13293	43112	0
187	1472	235	0	46847	16015	0	17008	0	0	11179	26549	63639	9617
188	318	1300	36385	0	39300	38027	54924	0	6541	36487	1727	0	69859
189	12	1489	0	35501	61451	16067	0	7459	70811	0	42451	30669	62528
190	1313	1264	0	13513	29072	52611	45782	71654	67134	0	0	0	22478
191	1435	1075	0	0	0	0	52355	62990	61424	0	22441	0	0
