# 1a82741d-6c46-4bf5-9cd1-c0d53a5b3fc1
8	9	8	188	38
0.0	30.5	113.8	147.6	103.9	115.2	172.5	134.5
133.1	0.0	57.0	67.6	158.9	132.3	81.3	103.2
191.2	64.0	0.0	77.7	163.3	92.8	100.1	160.4
115.4	125.0	198.1	0.0	92.7	171.0	79.4	152.1
141.2	76.5	24.5	168.1	0.0	133.0	147.4	196.5
13.2	84.1	126.9	178.5	30.7	0.0	133.9	83.0
75.6	144.2	162.8	73.3	152.8	20.4	0.0	105.2
81.0	109.3	85.8	26.9	49.9	168.9	119.9	0.0
1	72077	6	8
2	33587	7	2
3	27343	1	3
4	79401	8	8
5	42370	5	3
6	66765	3	3
7	78555	4	5
8	58316	2	2
9	52666	7	6
10	59192	3	4
11	27511	6	7
12	49837	7	3
13	54942	1	7
14	51279	6	7
15	76125	1	4
16	69637	7	2
17	46756	1	8
18	10194	4	3
19	78851	7	4
20	47071	4	1
21	35207	5	7
22	78974	8	6
23	61611	8	6
24	43639	3	8
25	25036	7	8
26	66962	8	1
27	35701	1	7
28	51121	2	7
29	40059	7	3
30	43982	2	6
31	51047	7	1
32	23114	8	3
33	63083	7	2
34	77827	1	7
35	68580	8	6
36	24606	8	4
37	58418	7	1
38	76130	4	2
1	389	169	739021	990361	1367818	570041	1050860	892739	1112122	991891
2	147	356	782241	690790	1358531	797058	1088919	1127051	691307	1162638
3	631	1447	805323	842448	1049951	999559	1303191	865784	909307	1178308
4	1202	1189	658377	1138913	919724	649316	956856	828388	681994	1202540
5	1045	1009	1093281	756522	814772	940105	1112839	706719	881045	1024753
6	244	819	583681	810981	902984	929791	1055798	1130085	1058552	1027614
7	1292	1129	650306	982235	1266800	614629	987402	732761	586164	680204
8	1442	582	582852	714046	1143717	585971	1154301	1001329	606993	956900
9	667	1259	644928	1014785	760304	684980	1145571	957782	806243	732421
1.0	1344.4	664.0
2.0	1356.4	1288.2
3.0	534.2	434.2
4.0	1390.2	1107.1
5.0	185.3	1059.5
6.0	1481.4	447.0
7.0	158.5	77.8
8.0	344.9	211.8
1	1284	563	10250	0	48275	12944	27919	43607	24610	66739
2	389	609	17389	0	0	40758	0	0	47197	50360
3	1191	366	29472	15871	0	40595	60507	73580	0	0
4	1384	183	0	49948	43703	52799	72434	74087	43860	6491
5	38	891	27652	0	67832	0	0	23390	14204	0
6	1	91	74632	11797	20646	43399	73319	0	51561	74045
7	921	926	62243	59258	0	74720	67279	47426	0	14401
8	321	398	45912	10974	34284	34091	48586	36188	13318	0
9	933	76	0	0	0	49508	60920	0	0	48804
10	1429	595	12873	66081	33555	0	58778	14413	60545	72943
11	1171	1126	27530	8231	0	19922	71762	0	3034	5294
12	1444	598	0	0	0	34106	38000	23429	31011	13250
13	123	1154	42391	4293	23763	0	2220	1408	34873	64700
14	419	666	17584	26996	0	52968	0	7656	0	16214
15	781	652	72928	18548	0	44122	0	15008	8709	1268
16	928	1320	43856	46847	0	0	32845	0	20029	1328
17	1449	1448	7214	0	45710	6519	54030	52798	60304	64099
18	96	80	0	0	26570	0	4490	66441	33692	6585
19	451	540	29216	58344	50039	0	33674	0	14222	46569
20	344	1278	64454	0	10208	0	0	66719	67858	64385
21	1234	1265	0	0	20071	2522	42094	35508	17840	38010
22	788	119	8261	72652	10137	32580	0	53658	1148	15406
23	1069	50	0	0	0	31886	39289	0	65176	33624
24	1376	724	50520	0	0	32320	13297	61498	5411	58705
25	870	1497	0	0	27699	46172	71209	0	64750	48965
26	829	863	25523	1811	67176	37361	43005	7996	3029	62069
27	1446	64	18725	11249	17629	26046	23224	35647	0	28663
28	202	1332	0	35185	0	37265	66205	54984	38069	0
29	1298	1462	12934	9839	64065	30590	13983	28837	33888	53171
30	294	730	0	69530	0	0	3808	8508	8249	19159
31	494	1267	59062	0	0	5348	0	0	0	13944
32	1292	1494	26257	56175	13733	0	7697	40055	45226	0
33	797	1372	0	6735	74163	0	45846	0	68001	49088
34	1429	401	38420	0	0	39173	0	0	0	29294
35	990	322	0	0	0	0	70030	0	0	1725
36	467	678	0	0	31248	47907	42815	38533	47630	0
37	432	869	25781	4850	70764	34204	37642	6762	74560	0
38	1258	1085	24634	65960	51132	19250	37170	29331	0	0
39	359	1373	31458	53255	31109	71812	0	65945	50377	27946
40	2	364	2947	0	0	0	0	10115	17101	22425
41	550	168	8940	51863	66380	18476	1731	0	0	0
42	1216	1291	72550	35669	61471	58397	24197	71706	0	68096
43	1302	681	0	21231	41907	39746	35947	53336	0	0
44	83	169	56256	0	13609	64638	32785	0	72663	19568
45	1069	511	0	61433	48959	0	36968	16953	0	31763
46	1281	188	61326	19047	37884	32926	45483	16966	0	44407
47	540	504	24669	0	0	37307	27152	73851	12002	57376
48	230	675	0	0	39889	0	8056	0	43126	15210
49	1367	195	2209	5064	0	0	69343	27275	0	39815
50	1272	993	14984	0	45272	71388	54627	13141	0	72969
51	1439	1140	23470	65700	17384	0	9397	0	20523	48853
52	650	1487	30644	0	19142	48328	36387	69658	0	15602
53	1063	102	40360	32074	0	32984	0	68187	22225	0
54	741	1492	0	29090	0	56360	40872	72736	19389	27657
55	1100	1388	13392	0	36315	68428	48183	0	0	0
56	1032	351	0	39822	0	0	0	42216	2072	16944
57	313	194	7662	0	0	0	0	1116	33815	0
58	999	1258	0	37291	6693	27246	63452	0	0	0
59	921	1456	15531	0	62555	20027	0	0	28253	62881
60	656	243	0	37826	36219	15582	70605	62206	53061	7300
61	486	34	21893	60379	23772	0	59676	47568	25616	30830
62	821	259	14524	62788	23049	0	0	14588	0	0
63	27	89	44651	16738	26338	0	0	0	0	20578
64	1445	174	55179	0	35114	7172	0	0	1096	6125
65	818	1265	3251	51560	43327	19643	72756	57638	0	69516
66	870	510	72238	34146	63615	65087	0	0	71596	55426
67	896	87	52751	24910	0	23678	0	40151	7929	60570
68	359	130	66054	60929	29582	0	33429	0	13244	0
69	1347	359	0	51573	69616	0	33576	63204	9101	33141
70	323	800	69114	0	0	0	0	74875	0	39100
71	143	1252	74130	48717	43926	49016	30211	0	49718	2443
72	1116	88	25124	14115	68955	46163	0	40116	44045	18563
73	497	612	0	25260	0	56258	32188	0	23177	0
74	969	800	56422	0	71640	0	0	0	7754	63104
75	354	84	72291	65717	29968	4673	46865	74389	15342	11960
76	859	715	56491	0	66369	0	0	0	67015	2881
77	860	124	0	0	0	45925	33636	69552	44917	40045
78	947	1236	39450	46073	74038	62289	0	39612	7156	7462
79	852	471	11845	8327	43612	30458	3438	40231	9235	73300
80	436	513	65498	25953	50298	0	65965	74257	24156	0
81	736	528	71805	0	34029	54931	0	26251	59034	37208
82	683	968	0	16619	36086	26847	0	23821	32940	24710
83	1462	568	18023	0	67826	0	0	0	0	0
84	474	1178	0	48367	0	0	51480	39080	47738	18743
85	397	1194	0	11647	4411	11211	11760	66297	0	66088
86	1364	325	31089	8927	51091	15122	0	0	0	0
87	1488	1348	44398	52629	52464	9487	0	0	21669	65271
88	1210	833	0	34756	0	8925	0	8018	54230	0
89	772	541	0	71290	63658	64573	0	72168	64297	50112
90	1132	419	0	47762	13405	0	50216	44015	0	65737
91	512	577	0	18538	22850	18771	47122	0	0	35403
92	802	306	53327	26426	9305	4960	0	0	0	4263
93	114	1406	69505	10455	0	12571	73702	35811	58402	13037
94	899	1389	0	67311	53566	0	47299	56686	31008	56093
95	1157	954	32958	0	0	0	0	0	0	0
96	1325	942	0	0	0	0	0	49882	36669	0
97	395	1451	11957	0	61573	23056	0	52895	6041	19931
98	1490	954	33208	15304	57237	50207	0	0	45064	0
99	466	1084	67434	11973	11306	23738	72275	50583	53412	4727
100	1178	726	0	25332	22082	0	65278	2897	57071	0
101	375	1027	0	9876	40443	40390	27353	0	21546	0
102	430	965	0	55612	68052	10464	19075	46090	36482	21454
103	1388	963	26384	0	35623	22588	67318	0	0	0
104	870	172	3114	0	56006	62521	50525	0	59617	54494
105	620	261	0	18173	0	0	6395	0	9518	74136
106	490	644	63197	0	6439	16918	66402	44626	46798	31108
107	416	66	35838	0	0	0	71007	14950	2459	3636
108	736	28	0	9193	38314	70199	0	2746	0	50585
109	993	1405	4333	19339	31219	36413	46231	13585	4587	26322
110	1265	993	0	9916	62554	17007	38517	24165	61959	57144
111	626	631	18459	0	0	35790	45603	7438	70090	0
112	740	352	0	11829	31309	66721	31961	34925	23612	0
113	490	752	4685	0	0	25960	15598	9084	6531	0
114	881	44	38729	0	0	18930	43572	0	71353	25336
115	1048	292	28735	23665	16989	49439	0	16895	0	55118
116	494	704	53626	45556	3348	0	6788	673	61188	0
117	165	773	9173	30477	36234	0	23365	33963	23288	28332
118	987	48	0	51383	72820	43808	25226	52417	39907	0
119	260	614	0	0	0	0	0	12867	31716	3117
120	597	832	35230	42354	44970	50070	0	8063	8607	0
121	1247	1041	0	56974	0	2847	67302	14351	0	28269
122	988	692	61529	69919	18318	32625	13612	60509	0	32965
123	40	275	22131	3757	15540	0	10350	40730	0	9550
124	704	1228	25718	33266	0	40568	2502	0	4921	0
125	676	884	0	58162	67866	0	0	3969	26754	39183
126	1234	674	42621	10263	61221	0	1633	32113	69190	71394
127	281	544	41536	63756	12949	58988	59649	0	6252	0
128	608	1414	0	0	28009	26612	0	0	40986	0
129	1211	1130	45608	10148	45395	0	8878	0	52450	0
130	1442	182	45920	0	0	32640	44952	45472	69946	56689
131	1178	170	25795	36447	36818	13922	64360	25531	36181	50256
132	632	632	0	12469	61653	0	0	22979	0	698
133	251	604	12130	0	9318	13174	3399	0	40168	0
134	1459	612	0	44640	64630	14095	24094	0	0	33916
135	270	1389	0	70480	0	69502	66489	24302	0	0
136	793	804	12580	41762	0	52113	0	43626	53945	64021
137	55	833	0	0	0	0	50286	54360	27673	0
138	1293	1302	3729	30777	0	0	0	12547	0	59507
139	422	1422	71030	0	0	14662	48723	0	33673	0
140	1005	622	63388	0	6705	71999	33516	11158	69129	67362
141	856	1166	49913	0	0	0	63663	34879	5642	0
142	304	1150	62462	0	27229	0	0	41263	43858	21413
143	1245	526	22020	14265	0	0	49840	68161	35906	44192
144	120	1282	58758	45086	49698	5790	58508	0	30838	0
145	898	781	68910	59899	66501	0	67097	71320	2315	32842
146	412	409	54823	19935	21534	0	9625	26790	58973	13941
147	1435	504	9034	37327	69447	15875	31392	0	14860	0
148	104	861	0	13833	60725	0	12932	0	3202	74979
149	962	195	39553	0	59959	74438	41619	0	13946	52548
150	891	704	0	33588	73283	23240	36645	33552	0	43041
151	1009	1022	1202	0	64669	43136	0	0	0	49005
152	561	1073	0	23054	40965	57814	62541	3122	2985	20710
153	1061	140	48555	68849	52878	16755	74542	38348	55731	7913
154	1254	811	0	15639	3756	17316	71515	4269	49805	49456
155	858	761	0	34704	0	0	0	3221	26281	1454
156	733	792	0	21703	0	12776	8634	71289	0	42271
157	227	836	67694	35711	0	0	56309	15339	10427	0
158	46	952	0	25396	59385	7399	3858	0	0	0
159	1187	999	21660	0	7496	0	0	34180	15323	33953
160	359	294	17610	0	72274	65730	0	3787	0	0
161	437	510	0	58873	0	47998	0	13285	0	51553
162	1114	1372	38185	11573	45552	0	58244	45520	0	7717
163	292	156	0	39306	0	50518	0	57728	36163	52293
164	113	1268	0	0	56815	0	25760	70372	0	0
165	337	1028	22106	11438	71998	0	0	31894	0	50555
166	963	952	0	24263	0	0	0	7234	1806	34338
167	663	610	0	27073	43410	7663	0	0	34183	43017
168	776	854	18540	0	57542	0	45930	0	0	0
169	1288	547	20744	32609	59500	2916	63634	38509	52442	38067
170	1369	1117	0	42062	58569	0	7763	37638	4632	0
171	473	94	63621	0	67861	0	42885	0	0	24554
172	396	690	0	49982	0	0	0	58886	0	0
173	205	821	33727	0	0	0	8156	0	55186	65388
174	918	74	0	43222	0	11064	0	15161	0	55427
175	197	510	58174	0	26550	0	0	25721	24672	12539
176	887	1228	0	26854	0	0	0	35265	53740	0
177	493	290	0	0	42244	38401	29950	55281	3555	32763
178	947	1040	0	15475	37118	56814	1346	12748	54448	0
179	1474	1378	3772	33382	11227	0	0	62731	9920	0
180	981	303	43192	68959	55064	40660	43458	74487	0	0
181	1365	104	0	53554	17803	0	0	2303	0	63053
182	668	376	25873	52206	12732	0	0	2393	0	4158
183	456	920	0	69625	22410	10588	5848	18646	33713	0
184	773	266	57891	62820	0	0	65387	34672	62062	0
185	652	1096	0	0	24208	54175	69321	0	0	32738
186	632	410	48847	24855	26927	0	56290	0	0	0
187	869	809	0	69376	1628	15656	0	37419	0	3468
188	1462	607	0	15395	56737	53104	51392	48545	33406	62628
