# 008661fe-6a36-4f4d-85af-a0ae4fd9193c
12	10	8	149	48
0.0	44.6	73.2	26.0	116.3	159.5	163.8	106.5	64.7	68.5	150.4	163.8
102.1	0.0	26.6	120.3	199.7	186.3	160.6	39.9	148.4	50.3	153.0	173.2
29.9	103.2	0.0	119.8	147.2	188.2	133.1	197.2	53.9	78.4	37.1	116.0
74.8	48.4	64.5	0.0	56.7	128.1	59.6	104.2	78.5	175.2	191.4	188.6
143.3	111.9	140.3	152.0	0.0	17.3	31.1	82.3	160.3	71.1	184.5	145.2
66.4	86.9	66.9	55.9	187.0	0.0	182.4	110.5	45.9	15.9	35.7	60.9
135.6	113.8	161.3	153.8	49.5	133.5	0.0	92.7	168.0	27.5	38.6	91.8
168.2	149.9	152.9	99.6	198.9	177.8	105.5	0.0	139.9	94.2	181.6	199.8
171.9	137.3	146.7	37.1	75.1	167.4	181.1	42.5	0.0	39.6	89.7	172.4
15.2	161.3	191.8	99.0	159.5	26.3	167.7	196.6	162.6	0.0	75.0	94.1
125.2	104.6	157.9	179.7	160.9	79.9	16.5	189.3	101.3	152.3	0.0	159.7
180.3	191.7	156.0	136.7	118.8	108.6	54.8	59.1	123.4	92.7	21.1	0.0
1	69150	2	2
2	29637	7	10
3	36554	8	4
4	55161	7	7
5	56643	5	12
6	62861	4	3
7	31066	8	11
8	64043	5	4
9	22172	2	3
10	43956	3	6
11	69616	7	7
12	55657	2	3
13	59047	6	6
14	27266	5	4
15	25190	4	5
16	41185	1	12
17	43223	1	3
18	60121	2	2
19	60504	1	2
20	52166	8	11
21	39011	3	4
22	14633	3	3
23	58257	6	5
24	12086	5	7
25	20369	2	8
26	42411	5	3
27	47688	3	12
28	47648	6	10
29	77182	7	7
30	38030	6	11
31	72759	1	4
32	44660	7	3
33	66464	2	2
34	67416	4	7
35	68794	2	5
36	17354	5	4
37	77366	1	12
38	53906	8	1
39	29103	2	4
40	34275	8	2
41	50065	4	3
42	67145	5	1
43	55360	7	1
44	76109	1	7
45	30432	4	11
46	36444	8	12
47	18447	7	7
48	17423	8	11
1	622	89	583095	519849	439141	767319	792896	499392	664143	789427	805649	656743	790562	603335
2	958	258	659578	619631	709216	871111	575289	541444	778362	562436	881539	882122	854752	656915
3	1279	113	771301	632946	768841	774399	545619	685853	835995	642513	712802	915716	656588	813410
4	643	429	858565	638480	607320	878687	684701	705409	717740	716096	725986	718042	912037	712189
5	990	730	640442	591029	511243	931439	829870	507490	528508	681528	886370	777781	891130	520929
6	1261	730	937435	527094	608741	781169	913949	489160	897439	842160	642017	845252	870585	785087
7	979	1059	904316	617078	773347	519211	640377	740777	669150	971275	819880	498040	601520	610675
8	639	1348	689573	750457	534902	651728	876165	553175	790597	694945	811397	515845	522361	722371
9	1108	839	966748	652418	699405	529285	589309	574560	782300	917849	765847	803439	603939	750120
10	958	1041	904292	651809	457742	957904	823859	808404	477865	876181	919755	600775	981957	520244
1.0	314.2	380.5
2.0	1080.2	1190.4
3.0	572.4	259.5
4.0	732.6	434.2
5.0	67.4	1129.0
6.0	1119.7	344.4
7.0	50.4	417.0
8.0	238.5	87.8
1	15	141	23257	54761	0	0	70303	45233	49719	34586	43224	67143	56455	26990
2	64	975	40168	11985	0	28189	13920	31065	26231	39440	0	0	3872	20750
3	544	851	0	58588	20601	0	0	10558	0	22774	36305	23071	0	0
4	703	195	74059	0	18252	38998	32386	27213	46536	0	0	19959	15790	69154
5	1316	688	12659	62753	9093	0	65350	0	56187	33327	74763	39525	59818	61070
6	221	909	39927	26781	49750	23931	62722	0	0	18833	52826	45749	0	55288
7	558	372	18878	0	21856	0	68264	5270	6177	62293	20494	1407	63837	49770
8	1455	50	73887	0	15574	9416	35501	0	66397	0	12629	0	0	7553
9	923	512	0	62580	67785	14880	1030	0	61875	0	51692	34205	0	0
10	1399	1227	26439	9907	28237	67641	45585	37155	0	48184	45081	71525	0	0
11	458	1257	0	0	56472	0	0	6131	11980	0	70008	0	0	13489
12	128	1279	39294	36764	46687	0	0	0	0	0	60679	0	12381	68032
13	39	630	42800	16944	25559	16849	33819	0	66153	17578	0	31000	8367	38047
14	1178	1421	0	53256	0	0	0	0	25916	18732	0	11956	53069	0
15	240	826	32785	0	29587	17913	0	72164	5513	9215	36426	2397	0	49237
16	338	510	32530	35575	0	0	35530	53372	34466	0	0	72694	72653	4399
17	1037	367	38024	45826	73871	60067	13917	44375	0	54521	35988	24766	0	0
18	724	451	0	30603	0	58968	9650	47876	0	12976	14744	15145	58099	4490
19	668	280	23381	0	20917	68955	68459	31922	16813	49796	1605	1133	0	25281
20	129	446	43527	22979	51466	38220	0	0	0	56142	16440	20708	0	25457
21	828	87	45059	0	17266	31714	73572	17813	19766	74088	0	0	0	0
22	910	184	28634	18692	0	59320	2310	0	36365	53846	29158	10009	0	56028
23	438	170	9738	67841	19657	7814	30602	0	10743	16310	53596	43238	40938	26773
24	485	896	46439	0	0	0	45389	15713	54286	16008	70321	34446	4448	10822
25	396	656	0	0	67235	38702	0	0	6796	8687	0	0	63173	63730
26	498	1058	0	0	0	31867	0	60229	69967	59620	10912	0	0	29893
27	1407	1036	7098	2514	0	63616	47213	0	24542	63910	4958	44174	70958	0
28	1239	115	66625	24198	19521	12362	50162	0	46703	20377	0	4704	57485	27600
29	437	1130	0	24903	0	50195	48627	41470	56864	20111	24148	2127	45067	17662
30	98	778	4289	39442	50259	24804	27458	15938	13508	32444	9472	55798	47824	51779
31	388	837	0	36914	62838	64449	55446	0	0	0	34884	0	67228	0
32	1363	1189	26103	48615	51780	49401	48131	0	8589	0	0	62642	29265	36808
33	1486	1157	37559	3521	14579	15674	41279	37461	0	32120	52309	5608	10439	72330
34	923	7	0	19339	31054	74809	23353	31483	7940	0	26922	6534	64678	45656
35	561	1471	0	41759	8636	64285	57138	51972	0	73349	0	0	70590	7955
36	809	786	0	36729	34568	0	26616	41251	0	17880	56737	13422	32972	0
37	1485	650	24097	0	1481	67998	25401	12754	68156	0	16607	0	0	0
38	1290	898	32190	45408	18010	25168	34558	74272	6903	63284	0	39084	46622	14082
39	643	727	728	58230	0	15539	0	0	0	68009	29264	36293	0	0
40	326	560	2274	639	0	23189	0	19788	0	0	44693	65865	8584	37329
41	1104	1390	17852	0	0	19424	0	44154	67423	26546	0	11620	0	35732
42	802	1116	0	16168	52017	5218	0	32527	0	0	34967	20504	63426	32647
43	1390	1234	73332	850	0	24977	2898	26854	0	45921	10929	37550	16089	55859
44	314	603	0	0	21339	59594	4031	1399	37580	54186	0	65418	0	38088
45	205	398	74872	30224	28330	0	69551	7877	52141	0	43881	66212	17069	6354
46	114	769	58494	0	47540	53377	63496	0	0	34455	24352	0	68786	49113
47	1284	928	36761	48742	0	62373	44383	50176	0	44386	53481	24579	72068	31100
48	1206	1379	61382	11212	16832	65833	63154	4844	5203	74694	70425	49374	6313	0
49	398	229	49023	0	72923	0	0	0	22227	66399	36235	52588	68832	31058
50	357	1479	26554	0	17399	49952	67444	12248	31292	36849	0	17570	6735	15858
51	547	620	39642	11444	55514	0	25447	25686	0	22314	0	15152	54192	15981
52	1344	665	0	40596	9985	0	46650	72319	0	0	71860	0	0	70802
53	910	101	0	0	0	58359	68564	54357	0	0	70217	61594	49180	40191
54	508	109	52017	0	0	24036	0	22271	5519	0	38118	10706	0	25678
55	231	1276	43615	13966	52718	62128	13367	37420	0	10957	11862	59751	42716	44483
56	252	873	48517	0	29759	51709	17669	0	0	12258	0	56976	33164	43755
57	1458	404	74150	64444	47591	0	35571	46307	0	73444	0	4072	37965	70226
58	1156	781	16549	60541	66330	0	9777	37877	0	34993	0	0	15134	62030
59	692	139	19586	0	36174	32710	38322	48141	0	64023	0	0	0	0
60	591	1326	0	70708	13107	1647	52461	0	64859	35746	0	0	0	30702
61	1279	756	20843	20298	36753	0	53299	39001	25683	38087	0	7545	0	0
62	646	1313	41986	58662	0	15739	36018	0	72598	0	37622	0	28681	13429
63	232	268	51226	0	0	64015	62431	63502	39998	0	11994	18371	69802	0
64	1274	367	39725	20331	0	63241	50768	0	0	0	9241	42634	3780	38615
65	361	1125	0	36079	7276	0	66214	0	73975	0	57152	0	0	0
66	116	181	0	15997	71818	74504	33876	3332	66235	71197	45232	48444	17002	44998
67	1105	1499	46538	0	66596	68419	16400	72652	74722	0	12385	0	58192	0
68	1263	546	8197	40100	37245	0	10180	3588	57703	37226	70454	60492	33486	0
69	1006	942	46172	5321	59234	28334	2835	15668	31531	42609	23412	23721	0	60667
70	808	590	40172	37442	63248	49437	41334	0	48668	71685	45252	30008	25504	30375
71	394	653	39135	0	0	0	0	18624	0	0	52937	44681	74228	31254
72	1246	632	70829	35796	0	0	32669	24056	44146	59135	38909	41451	62992	3168
73	741	1162	28564	32329	0	41570	17103	34389	4542	61931	16487	38261	45724	26495
74	761	1132	38902	36896	0	24003	0	66245	72337	60651	42420	0	52335	10167
75	908	66	13139	43721	0	0	11402	32133	57160	24321	46112	0	33907	19781
76	106	707	32715	0	11068	40000	0	45823	56206	13563	14926	12806	57745	2565
77	1080	1011	37243	0	63139	0	0	0	2527	0	33031	0	0	18053
78	1423	1448	31186	3414	0	26027	69728	0	0	57336	0	35049	68167	16157
79	133	341	0	6799	45803	31543	0	30401	11312	20261	7323	0	0	836
80	1441	1005	24479	69526	54135	0	0	49438	26940	66117	50424	5025	0	0
81	146	1433	31533	0	0	64154	73309	0	26064	0	3254	0	39290	36354
82	991	610	11320	56449	4648	30610	0	32129	51422	45895	29341	67702	10683	5760
83	1347	1306	44801	24988	0	16672	5886	0	0	0	67526	49782	50963	0
84	593	832	32019	43878	59660	16616	45038	65466	0	51442	32464	0	70464	34108
85	544	1050	68224	0	0	36356	41402	27490	6803	0	0	0	51713	32984
86	257	127	68077	29738	0	0	0	58139	44089	42458	57641	30046	2290	30485
87	263	869	0	17733	0	67570	47807	0	0	21311	54604	0	0	0
88	1297	935	0	52758	57264	43599	0	40643	0	506	57219	40209	25597	0
89	167	4	20802	0	0	0	10339	74578	0	66503	63712	61845	74968	0
90	1482	263	26057	33694	70555	24929	60025	0	0	31458	63029	0	15263	59173
91	1356	697	40743	40677	43960	39844	55458	37634	0	0	0	0	46212	37773
92	141	547	70232	0	1081	54919	0	12614	0	21536	55494	60113	66591	0
93	524	1051	40820	52493	38922	74736	7910	0	72414	28696	5856	8202	36907	15251
94	772	799	0	54992	31358	0	51568	0	31513	50832	70673	0	45311	21135
95	680	1445	0	0	0	0	7058	0	29974	24342	70587	20444	58382	34474
96	1231	571	10629	4342	18525	0	0	0	40545	72024	8421	37010	24046	3358
97	1247	348	69303	55451	0	0	29916	67924	7063	47063	0	0	31727	49506
98	95	913	39797	49859	28661	48711	0	41439	0	5911	27960	11783	0	49344
99	429	1289	0	74945	41138	62271	0	45550	0	30531	0	74335	60313	0
100	1376	918	0	58983	0	0	0	0	0	23752	7152	62005	33658	73022
101	964	780	0	0	0	0	0	0	63876	26467	52452	0	59578	6540
102	99	231	0	0	22360	0	23593	8466	0	40147	21390	40833	12740	17097
103	81	301	42374	0	0	29659	0	48733	64574	29594	0	11382	42341	71993
104	514	1399	1874	67041	0	0	0	30522	26532	16969	10729	40628	0	0
105	724	1481	15153	0	1555	12417	41573	65222	0	69186	10585	1442	0	0
106	565	349	0	0	74908	21213	0	0	0	22363	3816	0	9974	0
107	1371	533	6203	45904	0	0	23920	0	51885	26788	66533	63723	63204	7799
108	188	424	52299	15375	0	62414	14057	22745	58727	55695	0	64663	11909	42727
109	581	10	0	0	0	0	0	606	66085	0	0	0	590	56173
110	1323	945	42260	26847	37220	0	0	55326	58419	23800	54607	0	0	0
111	1004	1180	22503	63919	61133	36994	52477	61797	30917	68372	0	12697	0	39194
112	273	59	51907	0	0	0	22623	74086	19908	16230	0	0	19457	29700
113	884	953	50091	0	24628	33196	44782	29238	31980	51613	0	54544	0	72987
114	361	1354	18206	10135	0	57933	68993	0	48112	72541	49763	57948	48563	0
115	534	410	0	0	20883	17785	27210	47416	49417	7861	0	63811	0	37047
116	582	180	63190	66312	2498	38981	0	64822	46026	11022	0	15558	38179	0
117	16	227	66860	0	0	12174	0	0	0	0	0	63648	58706	0
118	1310	1236	68728	0	34594	60095	3753	0	58769	0	0	0	24453	34250
119	724	1197	71556	0	62614	36067	0	70931	39738	3685	23395	68125	12364	61359
120	753	1481	30832	25789	0	59987	34281	0	20773	0	0	59081	27562	0
121	595	1085	58833	68600	49065	28202	0	0	61335	11470	27891	0	7582	26689
122	1244	360	32498	39880	37357	22932	65569	0	6656	4206	53781	62671	0	27672
123	1457	1172	0	0	0	0	13309	0	0	24045	0	60892	33821	0
124	185	449	0	14930	27600	57360	71757	15783	44366	15151	0	58407	21150	589
125	1431	436	6162	2537	20685	62787	27197	51785	44404	73002	0	0	71284	0
126	1341	731	38518	37204	997	0	0	11944	0	48028	37762	62005	49142	72272
127	1316	654	0	738	0	0	27334	28300	44363	31793	32939	59902	16372	70196
128	1374	1140	0	44670	49918	8499	0	13294	57558	42156	19193	0	31591	19200
129	20	697	58229	34348	73646	21870	32425	48208	69788	30087	53425	21833	41845	33475
130	655	1300	0	62208	0	54621	46543	24976	0	0	47204	27406	43444	0
131	323	247	34952	47121	30655	60815	37868	57838	11185	0	11014	35325	63374	2969
132	204	59	6104	61341	9807	53499	12628	70303	9548	54691	33092	20402	3886	36171
133	1096	829	17823	59082	49470	0	0	34723	33587	0	43412	0	38771	15680
134	604	261	0	31455	0	30153	49195	0	14973	53908	0	2435	0	31612
135	1438	268	36191	15754	30738	44820	0	18695	2490	24368	0	40454	53517	63623
136	519	312	2686	50375	0	0	24751	39141	63820	8313	37085	44656	0	7181
137	334	814	31445	0	39703	10455	13441	0	72271	0	0	34796	39457	0
138	500	294	45133	0	12986	31936	20146	49967	42217	58003	3502	47158	0	31243
139	824	1252	60337	59428	0	36629	14619	741	0	27823	0	69254	74617	68247
140	36	79	6705	46908	57709	31093	0	48380	52887	49553	47836	21755	0	48953
141	1046	490	0	34612	22973	50288	46553	9563	0	49217	63684	0	34935	0
142	726	634	48020	3426	0	0	34066	71680	0	6993	53828	37854	12513	38953
143	132	1239	17394	0	44480	0	11525	0	43657	74880	5324	54666	16176	43203
144	1350	412	0	3176	0	63323	20965	62840	29344	37624	70869	0	0	44285
145	1050	1428	0	19876	62974	21681	67595	2820	57434	0	47172	0	0	51047
146	621	1367	64118	0	0	30024	15210	20897	31316	13702	0	0	38142	66308
147	481	896	49238	0	0	10043	29093	32655	43905	0	50055	40980	74791	3819
148	874	582	19992	15908	29793	59066	33595	0	0	60677	0	50178	47734	47004
149	759	937	50908	21502	67164	0	73406	1167	54715	0	34407	0	53425	0
