# 84184cfa-0e27-4994-9501-5fb43d5087ce
10	6	4	108	43
0.0	163.0	56.9	130.4	137.9	32.5	24.1	147.7	21.4	56.9
144.6	0.0	125.2	99.9	41.7	143.2	150.8	86.2	111.7	55.7
186.4	193.1	0.0	14.7	14.4	114.9	91.9	107.1	35.1	161.7
117.8	47.9	73.4	0.0	157.7	193.2	169.7	53.0	81.2	134.7
19.9	50.6	165.8	110.7	0.0	188.1	100.7	173.0	154.0	79.6
24.2	167.0	52.1	143.3	26.1	0.0	46.2	36.6	12.3	186.9
114.3	109.2	78.2	185.9	99.1	146.2	0.0	104.0	87.9	122.1
156.1	196.1	22.4	135.9	65.8	159.6	19.3	0.0	157.9	57.4
161.4	105.9	40.8	138.5	95.1	114.2	83.1	184.0	0.0	19.1
20.8	17.7	193.1	183.7	182.3	127.8	19.5	127.5	35.1	0.0
1	20335	4	10
2	12348	3	7
3	24260	4	9
4	47306	1	5
5	26034	4	6
6	79990	2	4
7	45901	1	3
8	26875	3	7
9	51315	3	6
10	61753	1	1
11	57410	4	5
12	65479	1	4
13	71638	2	2
14	58826	2	9
15	61241	4	8
16	54516	3	2
17	42842	4	8
18	73269	2	8
19	63006	3	7
20	20236	2	8
21	74253	1	3
22	68742	1	9
23	10917	3	8
24	56596	4	3
25	43476	3	7
26	42953	2	7
27	19623	1	5
28	28628	1	10
29	26709	4	9
30	48736	2	6
31	34207	4	10
32	10016	4	3
33	10841	3	1
34	52076	1	7
35	55357	2	8
36	22731	3	10
37	66982	4	4
38	47574	1	7
39	35158	1	5
40	63071	4	4
41	57642	4	4
42	47543	4	2
43	58940	2	1
1	1367.3	1166.8	1.00469e+06	1.03678e+06	662977	887081	866760	607690	757909	1.13422e+06	942478	1.05436e+06
2	1474.7	944.4	1.1265e+06	1.00532e+06	691686	1.02033e+06	1.04915e+06	936874	861908	1.09847e+06	839964	801421
3	1226.3	1473.4	1.00009e+06	761517	1.14557e+06	588975	1.17634e+06	815403	803107	1.02192e+06	667131	861219
4	1104.9	1298.5	732712	674997	1.14738e+06	1.1126e+06	1.112e+06	575454	1.2299e+06	670014	809111	854227
5	1235.1	1001.6	888578	588799	914436	1.06494e+06	793939	1.1104e+06	802168	1.17734e+06	841018	841152
6	433.1	732.8	666702	950524	816459	772963	1.11715e+06	719918	884220	863947	766313	1.03017e+06
1	1113.8	993.1
2	1456.6	1200.4
3	749	1225
4	245.2	584.7
1	1436.8	532.5	24882	9954	16099	0	0	0	0	36368	0	64146
2	1273.6	14.9	67975	0	47364	11471	25001	1801	0	19376	0	46571
3	1456.6	71	0	0	13124	41573	73189	73012	38926	45738	38263	74617
4	1165.5	14.1	0	14266	63016	40684	64578	0	58113	60045	1498	55699
5	1413	699.8	0	0	3581	70097	23444	0	0	60248	21791	0
6	618.2	625.9	47500	18317	0	0	56539	44090	30578	43965	1735	34226
7	224.4	870.7	43512	46790	60491	4560	39343	8299	67248	49567	0	72044
8	1224.3	1087.7	60014	0	60342	0	60499	71459	10140	0	48375	2968
9	1087.8	635.8	14888	59342	44710	11431	72033	0	9822	73792	71583	0
10	408.5	99.9	42864	49980	60444	20434	49641	56817	5814	27095	20375	0
11	1313.2	637.9	42039	8530	65353	0	56407	7529	0	55499	53148	40354
12	1306.5	1496.7	70674	0	55303	25581	0	5318	55860	66482	0	0
13	683.2	403.3	51234	26708	50035	73703	0	20194	23354	22343	0	1993
14	1380.2	445.9	11966	69757	0	0	8487	27691	0	13172	68804	37370
15	1124.2	386.1	28560	0	0	12457	10755	23543	62623	35854	26191	56247
16	1112.2	1274.4	1953	65149	0	43774	33167	73363	56449	0	52253	73126
17	1218	1162.9	13638	58850	62674	59459	0	0	66295	36623	54193	15459
18	1034.7	1433.3	44875	41101	14958	4753	0	0	58240	0	29030	0
19	99.8	1072.6	0	8767	12434	0	3473	3120	3490	45765	73485	45054
20	266.9	394.9	0	0	23787	32236	15468	45466	0	0	0	0
21	648.2	94.5	66431	1942	62149	48167	38126	16565	0	73561	0	37313
22	560.1	154.9	58161	15147	39553	13159	21281	7549	0	0	0	0
23	872.6	1149.2	0	42146	0	64781	56651	2434	15883	55712	13102	66773
24	1217.9	1453.3	14927	0	0	66016	0	0	65659	34608	50178	928
25	218.6	1420.8	69397	20109	0	32695	0	0	2938	39826	0	68291
26	1467.9	271.4	34884	44793	18721	52954	74491	0	56753	63805	22774	32956
27	404.2	901.3	35344	0	74369	28272	44927	21538	0	45259	12171	56049
28	161.3	659.5	0	10214	44591	73056	3970	14322	53472	0	0	0
29	367.7	454.1	13193	45764	42941	15103	66201	0	19626	10461	5416	72320
30	141.2	1394.1	26575	45080	11054	68091	55579	28540	37690	0	64711	11743
31	119.8	445.3	59480	0	0	16715	0	46550	0	0	53291	0
32	750.5	1224.8	57853	0	24334	26815	26302	61286	45373	21900	17684	67994
33	1345.5	383.1	0	27742	0	35236	0	5919	57151	49826	41770	0
34	1098.2	695.4	60110	68210	7954	39291	1011	48178	0	61156	9163	26917
35	1157	430.8	0	10023	0	28423	49785	71953	0	49715	47777	43456
36	647	1099.9	71679	74159	35580	47943	33853	0	50733	0	1110	15192
37	782.1	1375.3	72457	48960	0	15793	42296	0	22843	59138	0	0
38	199.4	407.8	67737	61775	0	59896	74723	65143	30315	0	0	38652
39	703.1	1334.3	45928	54910	41421	57506	0	25085	3350	23651	23268	26167
40	906	517.1	56895	0	0	0	0	43865	0	0	36040	21217
41	805.3	1313.3	15139	64293	16578	0	40049	0	68646	631	0	6988
42	131.2	315.4	0	54942	40554	17705	13421	44695	51541	33281	2315	30119
43	621.7	1323.8	15162	74347	74797	71536	25939	0	0	0	44557	0
44	557.1	160.8	63350	0	0	63413	0	36641	68735	0	27201	48230
45	1149.9	681.6	53305	0	20526	73662	0	17609	65689	46420	19293	45820
46	553.5	1400.9	60353	0	57396	43450	53603	31873	56769	0	0	25930
47	948.3	847.3	0	20380	31989	33756	1019	0	65450	0	40341	36368
48	357	53.2	46760	0	51139	52531	0	32463	31783	36252	0	11393
49	943.3	867.5	23704	49680	51158	0	0	21394	48056	45864	35129	13707
50	1126.1	290.6	71243	38950	60255	57426	71285	40206	45242	50349	14570	0
51	51.9	540.1	42723	0	66229	49510	9971	18499	38985	61641	0	0
52	1162.7	40.1	62058	12201	31464	39797	50432	70721	19832	54557	62346	0
53	1302.3	259.7	28113	17827	44388	9666	0	0	20083	0	1141	0
54	826.5	711.7	51038	63454	0	0	15276	0	67641	56843	8429	19449
55	754.5	872.4	0	0	72435	52401	0	0	19043	7547	33965	21782
56	562.7	403.9	0	63711	47847	0	55414	8956	10619	62855	48883	0
57	67.5	1379.7	4482	47224	0	23599	0	0	66771	9192	64070	0
58	1125.2	509.1	71512	70023	48921	74759	0	51118	38256	8667	65634	50346
59	622.6	1085	0	69651	27060	0	42718	54133	58583	42140	0	0
60	996.1	526	57074	68262	0	40041	31365	0	2333	64473	70129	3109
61	516.5	1239	0	0	5021	0	9241	54112	25135	67973	33602	18354
62	625.6	1179.2	28770	4535	12791	0	0	43768	34788	31442	72188	45786
63	744.7	377.1	0	30558	8113	57188	0	0	0	0	0	7128
64	1153.9	52.1	0	39834	16457	3172	74900	69722	48939	5506	56017	0
65	218.3	226	0	8374	46482	0	61440	72478	19886	0	0	0
66	276.2	552.8	23518	45381	883	6767	68767	0	70788	69100	54936	68082
67	161.5	1396.5	0	0	15041	0	3570	0	0	0	0	15992
68	1354.2	1009.3	0	0	12311	0	0	0	6481	25622	0	54506
69	1426	1035	64098	58256	0	0	72493	4688	36313	37243	31388	52051
70	952.9	201.9	29865	48570	46871	0	27008	17971	17557	0	17691	4013
71	1373	222.3	28920	0	41182	74678	43161	0	0	9320	0	69835
72	172.2	968.8	3894	4176	70487	0	0	40629	72874	0	0	14418
73	98.7	536.3	67829	33656	0	0	0	32148	38393	43438	9766	20382
74	1027.7	611.5	0	7984	0	33655	39622	21924	47235	74740	71663	0
75	372.2	949.9	52526	0	73805	46965	8785	64443	58898	41049	55065	0
76	230.9	563.2	25740	0	0	60570	51665	1282	69968	30936	7095	42822
77	845.9	867.9	46132	0	0	6340	20220	54350	52574	74214	0	72416
78	1370.7	825.2	34419	1035	52162	36740	48040	14137	0	41347	0	65993
79	170	817.8	29648	36312	0	40670	64521	0	56642	68699	69284	27660
80	815.9	855	15127	0	0	15637	23910	0	21762	39397	63333	4703
81	354.4	999	39753	0	12949	29656	23381	73610	53772	35486	72084	31863
82	966.3	578.8	0	0	42003	0	64843	66392	0	17650	0	37793
83	186.5	954	6511	0	0	48061	30017	71705	40171	74155	31619	62913
84	811.6	880.1	30165	37712	8226	14535	0	26776	25693	11342	5357	33015
85	1123.6	502.2	0	0	0	0	50396	57771	0	688	49872	570
86	1172.3	1373.2	37243	71636	33119	0	58315	0	47646	0	58567	50229
87	514	596	0	0	58635	6040	0	14744	18464	55140	39589	49639
88	849.8	943.9	28677	15511	5862	45693	40097	0	1336	58545	26198	29603
89	188.5	420.3	0	0	71643	0	13942	32027	55822	22429	71840	0
90	504.7	907.9	16969	0	0	72425	23850	27341	21661	47109	0	0
91	560.7	913.6	54306	11053	0	1293	0	20423	0	0	0	64377
92	1232.4	1202	0	11666	1535	40142	14307	52983	0	28861	32599	4287
93	1096.6	804.8	55674	33626	65298	5901	26365	0	0	8441	0	67927
94	1268.4	378.7	12647	29599	61227	0	47683	0	65533	38651	31907	45377
95	1331.8	63.7	33737	49451	0	0	43812	0	0	48277	0	20990
96	273.1	452.8	28828	0	0	0	38137	56621	0	0	56993	74162
97	331.8	1120.7	45326	0	59637	50381	68948	64033	0	32936	0	0
98	1112.7	755.4	0	31095	73870	42801	6670	51567	0	10520	2934	68690
99	606.5	796.3	0	65926	21889	20931	0	72626	38623	51738	17213	0
100	216.7	927.1	0	0	10386	0	0	28594	66922	0	0	63269
101	1379	1245.2	46398	39536	0	34423	0	64298	32221	0	65475	57441
102	795.9	166.4	32806	40131	0	0	0	3099	60774	7241	10606	0
103	965	456.2	66900	11102	42244	40417	65569	3163	28448	20378	0	11632
104	1360.8	30.3	0	0	66738	0	38305	23520	12570	0	40423	22553
105	999.6	1255.9	60521	33923	42018	36787	28778	62985	17330	33295	35422	0
106	1168.1	674.6	40016	6669	63811	0	0	26762	4991	17420	71417	6609
107	420.8	229.9	0	0	8919	0	37180	45544	71496	0	23939	0
108	1458.8	847.9	39249	73437	0	35972	27777	33844	0	37160	5116	63743
