# f86fb728-dac6-405b-bea6-7a658e9f1cc5
10	9	4	111	35
0.0	180.2	134.9	82.8	30.5	97.3	97.9	104.2	112.4	55.6
100.6	0.0	131.2	84.3	27.8	124.4	148.9	38.4	53.8	130.9
99.4	18.7	0.0	129.1	190.7	42.5	194.2	86.5	43.5	163.3
54.0	122.1	11.3	0.0	128.3	174.6	32.7	75.4	30.1	30.7
183.6	178.6	91.0	160.3	0.0	105.4	98.8	181.8	164.4	35.1
69.7	113.1	23.7	100.8	177.0	0.0	186.2	113.2	36.5	61.0
41.8	54.0	167.6	69.3	151.4	138.0	0.0	21.9	46.8	54.1
168.1	19.9	136.5	52.6	147.2	103.3	147.2	0.0	94.6	105.3
123.0	40.8	47.5	171.0	119.7	183.6	146.0	51.6	0.0	137.1
185.8	111.5	111.5	31.8	124.1	121.2	96.1	199.9	115.5	0.0
1	69049	1	4
2	72339	3	7
3	62939	1	10
4	17279	2	2
5	17543	2	3
6	61688	3	8
7	40589	1	2
8	42649	3	7
9	60851	4	8
10	22492	1	9
11	11845	2	4
12	24155	4	7
13	43332	3	1
14	33962	1	4
15	12188	3	8
16	73726	3	8
17	75214	2	5
18	74254	3	4
19	17669	1	3
20	22675	2	3
21	53115	2	5
22	22352	2	7
23	36555	3	5
24	20172	2	3
25	36940	4	3
26	25180	1	6
27	57290	4	8
28	50595	1	8
29	43133	1	5
30	65267	2	6
31	66145	1	3
32	43897	1	3
33	75654	2	1
34	75215	2	10
35	77710	4	3
1	482	862	806844	655251	608248	489995	708363	660744	573098	432848	711908	728957
2	14	1293	762697	798470	695948	517609	660331	567891	464727	454110	500651	597280
3	114	502	782315	768207	603886	521613	726978	727156	580459	364823	722053	786820
4	549	268	519898	709467	667371	577431	520421	804112	440620	567833	447785	642244
5	271	858	533822	602431	416827	591468	462695	548929	434495	467583	735288	628438
6	1162	1472	770497	414103	564336	735736	537258	438395	622360	369259	604272	637423
7	1346	1498	498559	684055	650834	691432	435442	625237	670198	590856	468281	664251
8	207	1307	816230	557480	652563	583811	492088	479074	718370	314550	589403	458137
9	1027	527	504999	519536	805838	479669	411374	456310	641163	524145	507299	611686
1.0	1415.9	566.0
2.0	360.0	1388.7
3.0	700.2	124.0
4.0	1127.8	845.8
1	938	1399	62713	38563	74837	16899	74614	0	4924	73241	59700	17968
2	1195	1120	0	43468	71735	32003	45406	18789	0	0	21216	4172
3	956	454	46486	0	49947	67466	26166	69983	23278	5567	0	16612
4	1038	1236	0	35482	7855	0	72985	69410	24227	0	0	64256
5	881	797	38401	49514	64592	46585	0	0	0	7517	3444	0
6	1230	796	5171	48242	0	45149	34403	0	48493	27760	57497	0
7	73	336	55258	46795	0	42765	57859	20455	8706	61175	63270	49717
8	1089	775	40784	51765	0	56789	55794	0	0	0	21505	40538
9	1467	826	63475	66747	0	71808	0	0	4662	29101	30089	29550
10	1456	1131	64868	0	69631	0	0	0	0	8080	0	69939
11	43	1494	47641	1657	48624	47671	63126	66367	45882	0	69510	61860
12	29	479	71744	61180	0	2337	35513	0	0	21013	26271	39551
13	741	400	7306	37750	37578	0	0	0	907	9082	0	0
14	376	28	58375	0	0	54590	0	29109	39401	9197	0	17870
15	782	60	0	0	0	28243	56820	21560	23255	6396	65923	68447
16	622	995	0	25606	2321	32902	0	35065	53690	0	27697	12914
17	338	188	53770	14261	34170	54806	40934	0	11470	54172	32475	46942
18	1324	1232	0	53459	3106	0	54920	18057	0	34292	39597	66559
19	958	1116	59779	0	18546	55463	18218	66009	35593	52765	66449	57442
20	94	737	0	58891	30371	56502	0	0	0	0	0	14635
21	1320	558	73892	0	32401	0	20277	23658	21839	26983	0	22697
22	474	21	0	0	0	49132	42084	42708	0	0	27905	0
23	351	1120	54794	17320	60419	0	63377	37911	38686	28760	0	0
24	1230	1143	41443	42951	41792	52094	0	0	0	20312	6024	29927
25	1320	1288	0	35316	0	28489	0	19043	36986	18989	0	26255
26	1406	1209	13759	62191	0	14188	8463	68435	13792	0	5188	50966
27	498	1389	9905	45869	0	35958	71573	0	0	20630	22574	54281
28	96	241	0	49405	4888	0	2296	0	0	0	1270	0
29	170	294	6172	1705	33888	0	0	56994	52379	0	62154	59195
30	1447	621	42457	0	32788	54422	27243	0	0	34622	0	24695
31	1006	1441	49701	0	0	7436	36807	0	39551	45861	0	2328
32	419	1153	0	36428	0	0	43405	69587	74838	0	8488	63656
33	814	280	12177	36216	0	0	5489	28742	26885	17891	43600	13687
34	815	559	0	0	43864	0	18651	40144	27960	16600	60820	0
35	376	1330	0	0	0	38241	34189	72792	4630	27567	0	38158
36	64	1282	0	54759	0	2848	6688	0	22447	5739	37742	0
37	152	1156	30871	35007	0	0	16370	23798	42150	0	42236	61553
38	918	966	23510	25175	25645	0	6521	0	73738	21385	23484	36078
39	66	228	0	50677	47672	39288	11725	0	21479	4910	34123	25530
40	562	689	25060	49981	0	0	27798	18538	22775	70199	65843	2921
41	338	712	11413	65052	7888	20860	69221	27085	67917	53492	46549	64421
42	246	941	61090	64616	40529	0	69887	0	19876	11944	71194	65753
43	373	861	68871	21955	45633	0	49399	0	73248	44313	59750	19010
44	54	1042	9308	0	66252	71666	0	51455	56607	43074	0	16066
45	1291	268	32632	0	0	0	33788	34006	63431	43862	26176	36860
46	1475	715	74846	0	67128	0	0	62765	52798	0	48966	0
47	1089	859	59363	17465	32841	22970	10177	49071	12734	48933	67700	44951
48	1326	892	54077	47162	7295	57858	40154	68635	12091	0	0	46525
49	1236	664	68761	49896	0	0	0	30068	46822	14557	26680	37951
50	973	534	28123	16696	62033	0	0	0	848	17742	0	0
51	1219	759	5153	52187	58327	0	0	0	0	23015	52824	1428
52	840	1119	0	52669	21994	9473	0	0	59558	0	45764	0
53	1357	1313	0	0	10327	0	45849	38510	26949	0	36975	46229
54	234	730	67498	67480	4685	3110	7006	0	14165	0	6388	0
55	233	606	64061	0	20089	13885	0	30079	28448	36426	0	51244
56	87	1098	0	0	7361	60305	0	67554	63742	18480	0	68434
57	895	307	14110	35020	0	18038	0	60795	0	70275	59992	66141
58	766	1184	67008	0	53667	0	0	14308	56359	0	69017	33202
59	1295	170	55855	32077	27320	9262	65510	63996	0	18266	55282	5981
60	1487	719	5123	0	60553	8411	0	25681	71146	27304	0	34277
61	1070	468	72937	34350	49864	0	37763	22022	0	1099	66651	0
62	324	144	47584	65629	70994	67411	0	0	23125	6533	0	66897
63	1366	76	5176	48044	58596	47407	57909	62938	54398	70468	49441	49833
64	1000	1080	0	59885	2748	0	0	43424	0	21143	32934	0
65	239	1258	72268	0	58828	65565	61674	10840	0	0	3964	0
66	208	39	0	14565	64192	69812	50506	21531	21117	66123	0	33417
67	331	1005	0	45943	31300	2667	67567	0	12815	35258	2213	0
68	936	1005	0	2785	0	49987	41427	0	0	24351	0	13373
69	160	664	71254	73679	54955	45533	0	62374	0	18819	18443	61089
70	234	479	72430	70216	49132	0	48041	43420	3988	52456	0	68171
71	208	1278	6470	45991	32207	12887	31932	0	0	40778	0	24743
72	916	331	56477	3905	16608	66626	14382	31063	12784	8320	43097	14055
73	1078	548	19495	36854	0	0	41551	24774	55952	1948	0	9752
74	979	576	29557	39521	28453	17827	18143	3740	42460	60160	70460	27395
75	273	361	8989	0	63737	71514	45744	36481	0	1569	42470	42254
76	213	613	67585	0	60734	0	16839	61483	73077	4307	43324	0
77	14	872	54968	16689	50997	12572	71661	61766	0	6711	54289	0
78	340	50	51217	61894	61600	33019	29236	38321	0	0	1887	0
79	1378	316	61337	0	29474	65669	646	47042	66332	32932	31028	0
80	559	33	0	5736	35508	72541	4375	0	53723	0	0	68752
81	856	343	59396	51578	34992	65814	0	0	71342	43525	0	0
82	1429	872	41308	46260	1148	0	24550	68644	0	0	57947	0
83	120	1394	25741	63684	0	43577	32927	70236	7172	17630	25403	0
84	1092	165	64402	38921	39710	32756	36777	58966	74541	16182	54647	73352
85	444	491	30124	9178	21982	15766	0	0	0	13474	0	50876
86	1016	97	13572	43747	0	0	21281	0	40749	73595	0	23005
87	724	1064	27029	4390	51200	3276	0	60606	41698	18543	5190	68486
88	522	619	69413	47564	21851	0	69882	4879	52611	46533	0	53488
89	576	1203	59947	0	9087	0	0	0	27295	48083	0	27741
90	1168	121	70229	21920	49456	0	39756	27699	0	0	56463	4823
91	906	931	0	37822	0	68043	1716	0	0	0	16019	58819
92	650	495	69000	53846	21305	66155	47072	0	0	0	0	62345
93	1375	1494	4416	50089	0	35485	57856	0	63178	38530	5976	0
94	1225	1285	21421	0	19880	61570	58593	8408	55791	13880	43379	3320
95	556	103	60640	54163	39177	17456	12661	15190	0	0	16644	59295
96	1402	788	40156	0	43440	0	65568	0	37638	3025	0	60845
97	1314	1219	41825	16200	0	37521	36926	32832	3552	15024	52438	0
98	459	558	0	22998	0	10619	63473	33073	0	73974	71119	0
99	1410	177	41462	0	0	44245	40281	0	0	0	0	0
100	748	1215	57615	0	36332	26864	0	5400	8661	0	0	10002
101	1115	120	0	0	72508	0	0	73921	0	42998	22745	59261
102	297	432	37680	54608	48882	67645	62716	70541	26941	0	0	0
103	245	166	0	36859	59984	44152	8682	43625	0	0	21255	69443
104	238	1252	28032	0	72858	19279	0	46024	71792	70737	22139	67160
105	238	1114	0	0	0	72535	0	69001	0	0	48696	14377
106	1145	460	7125	42504	59552	0	37661	61761	23113	55951	5333	27096
107	1410	155	2231	0	25425	57660	47587	2149	54195	0	10796	6837
108	43	1147	13932	0	38462	14515	74226	61052	73800	4463	37282	31300
109	1499	956	0	16827	0	0	16039	31747	50732	53054	64581	29501
110	16	299	26235	3312	4323	0	62027	71315	0	0	0	0
111	339	996	25265	0	0	52529	40179	19991	43875	0	0	0
