# 51720ae5-c779-461d-b098-d7dba3003e19
9	9	6	176	30
0.0	133.8	74.4	96.5	167.2	98.0	157.8	175.1	76.5
149.3	0.0	156.6	13.1	83.7	193.1	44.6	147.5	155.4
68.2	107.1	0.0	65.2	198.6	111.4	198.2	162.8	98.9
174.8	12.2	18.6	0.0	56.6	199.9	158.8	24.4	50.3
79.4	83.9	14.2	189.7	0.0	33.2	67.2	91.2	190.7
24.6	180.3	194.4	94.2	125.5	0.0	185.4	26.4	71.0
29.1	51.2	42.0	116.2	148.3	80.3	0.0	106.6	132.8
65.3	182.0	132.4	48.0	125.8	120.4	132.0	0.0	71.8
91.9	187.4	24.8	22.8	130.5	13.6	59.9	135.7	0.0
1	70776	4	2
2	17639	6	4
3	40969	2	2
4	41534	3	5
5	63910	6	2
6	32042	1	9
7	11895	2	2
8	46978	3	5
9	20744	2	6
10	31289	6	4
11	73472	1	9
12	65779	3	8
13	14715	1	1
14	25035	1	3
15	72258	4	3
16	60584	5	1
17	13644	2	5
18	39803	4	7
19	65516	3	7
20	42707	2	9
21	52059	1	6
22	46418	3	7
23	69069	4	4
24	38552	1	8
25	59094	4	5
26	55683	3	5
27	27218	4	5
28	61896	3	2
29	60685	5	1
30	26800	5	6
1	1466	855	909151	1069133	813323	946368	691384	1001794	779661	1070174	876950
2	1393	10	688928	1076000	950258	636459	909770	663577	783818	1124822	1311484
3	1051	76	618424	1076887	831289	1194466	960777	881031	670511	809575	740941
4	499	1126	917883	675260	1130111	1142094	1153840	799959	802711	1002036	1171331
5	866	234	642264	616870	1184541	1001287	1062006	817071	595941	837893	774945
6	672	387	1144977	1108784	662642	780838	933467	1051555	814344	755598	1179270
7	939	436	971763	1139371	778805	897630	998151	935044	927794	913851	1311927
8	670	1268	680446	862900	1001260	1126059	707234	628131	1011441	1110077	986204
9	1318	1026	797764	742079	1065959	709143	1007676	981470	673080	849543	1164947
1.0	801.3	1337.5
2.0	763.8	1310.3
3.0	261.5	1050.5
4.0	1477.0	939.2
5.0	514.5	187.7
6.0	576.7	79.4
1	1424	244	54762	3779	52981	0	54834	72890	10011	29539	65168
2	895	20	37361	43345	52417	39348	0	0	23733	44239	70495
3	842	1463	0	60543	35801	0	40965	42841	0	53020	0
4	847	242	40983	0	61636	29519	8016	71471	0	31675	53932
5	1491	161	0	0	55552	8132	40637	46706	0	35829	58254
6	710	1189	2191	44664	19640	0	8714	40412	0	60103	5699
7	152	271	18835	18891	42888	0	0	34009	15269	0	60454
8	359	18	66664	0	51177	63059	63836	4297	0	0	61901
9	574	1185	0	8406	0	38663	11966	5474	0	52731	62430
10	500	15	0	0	55937	11954	0	45313	52523	60887	68323
11	260	927	6798	52505	1683	46818	21100	22652	31767	0	11259
12	146	99	0	42543	46251	63349	32091	13069	46019	13351	67634
13	26	140	0	60702	0	0	28571	27086	6828	25465	53452
14	1342	1125	64092	0	70225	15771	0	39918	66401	52181	19306
15	672	436	73284	0	0	0	8475	32932	53379	0	17550
16	27	1316	16753	70429	65450	26947	74854	55032	26803	0	0
17	1020	67	49040	0	14162	13753	4579	12806	61441	0	32063
18	759	378	31687	0	65794	0	41513	65745	72536	23047	18038
19	759	1420	45660	41202	4044	26353	0	47869	0	2487	25365
20	25	1090	0	0	29061	536	64022	45734	49831	0	0
21	1301	1278	66088	20041	0	45791	21371	74270	35720	0	0
22	1111	1227	0	65909	53153	45361	0	0	43845	0	53221
23	366	854	3058	7595	74794	42012	0	0	27205	0	73163
24	1465	925	62445	72987	1390	0	0	15995	0	0	61442
25	138	20	0	30616	0	32895	0	47735	46966	41963	0
26	873	247	0	0	74472	38772	0	924	45779	0	31860
27	1069	1403	36129	0	8277	63172	32896	0	0	68519	4543
28	136	8	0	74731	69151	43007	31944	0	66392	28338	0
29	806	988	0	61040	71788	0	14701	5997	67432	0	56738
30	1117	529	30046	0	18464	69443	0	7082	43224	22009	11701
31	1008	37	56268	71384	0	43144	0	38840	45024	17024	0
32	932	1496	57051	36112	43203	0	34668	44314	30219	53134	0
33	920	1363	42744	7453	677	44802	37253	0	41178	13615	10367
34	290	308	0	0	70902	29875	0	45024	46174	4194	60138
35	764	291	1674	14088	16678	17537	33958	17612	59034	3550	27884
36	1485	843	0	68635	27447	34431	0	41236	44094	49733	25026
37	947	276	17923	0	0	5435	0	33067	61184	22104	18369
38	828	253	42749	33135	0	0	15405	42613	0	0	20380
39	533	202	18442	0	0	21711	68303	64759	22739	68170	0
40	1344	596	38835	6435	13043	34455	8403	72873	0	0	73745
41	185	92	0	54641	25194	15083	0	72373	66373	25432	15973
42	961	1374	0	58960	4397	0	65413	0	29533	41476	63287
43	199	1227	4483	55772	70789	55272	16786	14992	0	38912	2541
44	1248	308	73871	28696	44394	0	63779	48122	0	61771	0
45	524	253	6040	0	0	0	958	16790	6688	18015	31721
46	475	918	1586	0	35911	0	0	0	1362	0	0
47	1272	1206	39410	16660	0	47470	0	0	55272	0	56901
48	659	706	57160	52301	60348	21922	36323	52475	34902	21495	55641
49	866	498	56054	59118	0	53527	0	17927	0	0	66002
50	383	1365	47757	53027	20468	34901	65370	35035	67461	16904	37400
51	1400	571	63844	21007	19439	66331	58736	0	37944	0	25891
52	1259	285	73454	40207	23179	67408	17913	43570	58321	2309	0
53	87	1051	0	70753	67842	0	62801	36424	24570	0	657
54	536	940	37274	0	0	0	72350	0	3830	16320	19639
55	241	673	68639	70534	22280	0	10178	0	68332	9018	21008
56	1132	1252	68729	0	43697	0	21349	38831	39561	0	0
57	1456	321	3726	0	66604	0	0	0	0	0	66695
58	1332	1023	36810	44585	0	25993	0	21103	3183	68991	32609
59	304	230	63534	72569	0	35052	22599	71090	30120	25107	0
60	418	178	36861	74420	1750	8198	54086	9247	0	72129	19564
61	94	201	0	0	68269	0	58110	33155	36685	62442	0
62	1069	1144	37053	71514	27913	52344	64570	3629	0	56041	20809
63	509	957	0	0	38787	32989	0	0	2071	66898	24683
64	593	797	0	43392	24491	40352	31041	0	71961	51987	59885
65	282	1130	0	52530	49820	28481	0	0	30554	14834	40540
66	1022	994	26938	0	0	22358	74964	73079	7854	0	70672
67	395	1024	0	13039	18201	24581	72829	0	71244	14950	59380
68	384	1045	58792	28948	26536	67635	27418	54599	26062	18265	56311
69	538	584	40457	4004	35359	5894	0	0	0	40446	0
70	106	460	0	20403	48430	11855	50848	0	0	12513	49288
71	1469	1203	16727	68212	43357	0	57903	42607	65880	55791	47869
72	417	59	0	0	0	52103	0	0	62878	21074	24966
73	320	365	16064	31989	15442	37293	54568	51091	37754	45039	60554
74	1326	1354	0	23478	59095	18359	17589	0	0	0	37321
75	37	1326	0	21276	73991	31909	54712	68047	0	36588	56200
76	1363	186	15899	0	0	5091	0	0	0	28415	43041
77	414	1092	0	0	0	39940	16665	0	7353	3072	0
78	806	302	10453	0	2465	0	7684	47284	0	59119	0
79	584	821	55279	0	7007	0	0	0	0	12148	11847
80	789	1186	46349	73669	0	0	0	47064	24031	70617	59406
81	730	1324	71691	21706	583	74916	73007	46806	12773	0	47665
82	956	47	0	0	2259	37566	69055	8507	0	68355	44202
83	1114	1488	36867	24682	50509	0	46715	0	0	74301	54792
84	135	1420	0	49202	0	54932	0	11771	24629	0	14941
85	1088	649	64455	50872	13386	0	63234	28703	50824	0	0
86	850	1274	40572	56141	2232	0	26697	25441	17905	9168	39498
87	379	568	53068	73748	2310	42874	0	25666	8563	0	56842
88	120	1482	0	36761	70250	58661	20467	24249	40958	62755	20137
89	445	474	51501	0	572	65830	0	44038	0	35828	3790
90	1300	571	46634	0	0	48326	18581	4008	60121	3016	0
91	759	538	59556	28765	38869	44258	0	0	17845	46809	22137
92	396	824	0	58316	4330	18770	74176	0	28670	55958	74350
93	627	813	0	61661	0	23696	15949	32926	0	0	0
94	649	515	0	0	0	63604	0	46088	0	10259	0
95	841	565	9694	0	35389	53399	22928	0	70500	0	25390
96	117	126	60811	64290	12689	0	21519	14723	0	7041	1823
97	380	1106	6174	63245	7083	0	61417	0	59812	38534	0
98	93	1406	14299	22612	3108	0	52756	0	18795	26781	40294
99	1188	1444	66310	0	55193	13592	18288	0	63778	9612	74501
100	538	611	2065	50573	17901	40555	0	62339	9870	39288	0
101	1461	94	32080	0	5555	57688	12004	0	37828	71589	17986
102	1442	83	0	0	50268	17405	42634	38470	0	21441	68332
103	573	1438	23932	14962	24238	623	8884	0	0	68025	43539
104	80	1492	61266	11245	66963	41719	0	66286	21772	74432	32688
105	167	412	70180	0	70622	32987	0	39842	26484	63411	0
106	1158	47	60561	35623	8302	59710	69652	51579	0	0	31368
107	1129	94	35846	0	61743	8923	14508	2870	14308	0	59548
108	230	146	2146	3424	70935	57000	53370	0	3339	34412	63704
109	750	194	62292	60046	60982	8892	62544	68200	63847	0	65474
110	503	1271	72201	34703	74669	0	2118	2291	40385	45600	0
111	410	806	0	36851	21329	58223	64885	56564	16281	5845	34874
112	712	51	36433	74888	0	15786	54731	14743	4947	8669	5227
113	966	162	43034	74209	0	0	62065	53829	4465	35681	67027
114	278	1152	0	568	0	10624	0	0	0	0	24433
115	447	1145	48802	0	48952	64535	45259	0	50660	10412	74503
116	58	600	0	67334	36585	0	64504	62518	2254	14358	41884
117	510	616	74880	54136	0	63422	9203	40618	63447	0	10217
118	718	1360	64697	0	34329	67728	59148	35448	10352	41124	0
119	806	226	0	8723	43876	32361	5991	0	53313	13214	0
120	258	902	0	49325	0	71292	33987	44688	11954	0	12383
121	962	874	0	59225	4833	0	13601	44340	23040	7808	0
122	1431	1462	60445	0	59622	28438	57368	0	0	23966	28523
123	677	734	33918	0	0	0	9039	0	0	55521	43397
124	1077	720	7119	52541	26189	36598	0	46059	41942	61689	0
125	681	1496	2268	37188	0	0	24908	647	37565	56047	0
126	753	216	0	0	48479	59845	1339	0	0	61624	69930
127	373	220	0	0	48047	2937	54284	46423	29217	0	3598
128	1195	825	6560	0	0	0	31997	47311	0	62350	26667
129	455	1204	0	51838	0	2040	66454	21055	58056	45301	0
130	1305	273	15941	0	3808	67427	52015	27908	0	31189	22202
131	272	487	15053	62954	15236	32524	55629	8133	12573	46506	59494
132	531	1403	0	0	0	50819	17583	0	0	9418	0
133	1307	666	2399	17195	0	0	2469	7251	11107	6993	0
134	859	1003	0	0	43895	21001	26977	0	44035	48439	35096
135	566	739	47653	0	46103	8460	65774	30507	60982	32470	15462
136	1365	944	31459	0	62257	35340	0	0	0	4173	69701
137	1474	710	19680	18192	38386	18602	0	16837	33400	15312	0
138	696	539	63381	72610	18725	42375	4821	47274	72300	0	0
139	541	1191	0	66836	69658	55191	30226	0	0	21795	18278
140	1064	301	0	0	49599	0	0	38978	14677	0	71248
141	1405	28	70402	16018	1295	57072	58237	24229	0	26824	46092
142	1444	1372	10408	0	0	2922	0	57469	0	50574	74787
143	1083	785	0	27127	593	33526	7542	0	43331	33631	20754
144	313	381	0	0	2288	60529	0	0	26943	72021	34999
145	263	192	13644	0	0	73973	0	6349	0	5342	70199
146	477	734	74813	25292	31866	0	57325	2886	0	0	0
147	1474	1272	0	3508	73056	74150	0	7149	30488	60815	35242
148	161	274	46975	0	12426	2397	55725	0	25270	0	39477
149	502	1292	0	35941	73730	13288	0	45663	0	0	36236
150	651	623	0	31162	11495	0	8421	64073	35499	23032	0
151	799	261	31669	50857	61851	0	0	47939	20538	51385	0
152	1490	1362	63483	0	40304	0	0	55265	0	18753	69652
153	654	296	38680	0	40799	0	0	0	35028	0	27121
154	541	1271	0	61613	6207	11497	20492	29105	33426	44884	19249
155	814	112	5131	14963	0	61948	47304	0	21630	4199	46959
156	1350	364	30954	0	60745	21016	0	50555	0	52855	66653
157	974	1142	0	37311	0	0	55635	64122	30588	33573	0
158	982	498	45824	0	47562	48438	17080	0	50205	30194	33960
159	1156	604	0	65108	41308	15839	39178	38889	66569	0	64869
160	747	1287	5277	42429	0	54043	0	24262	56018	48939	40129
161	644	1306	26853	0	0	27439	3037	0	20737	11772	46678
162	919	430	68549	53524	34122	18119	0	0	59304	17743	0
163	1334	523	66616	0	70327	8950	0	0	33822	34038	45483
164	913	225	64199	67589	54373	0	55970	20415	1383	38231	15842
165	1468	1067	27552	0	62773	0	66620	0	68348	0	37096
166	228	1008	0	20388	21421	0	48433	53302	72313	0	19800
167	1244	963	37461	0	49976	69697	0	73201	40520	47864	52775
168	870	1111	42158	15436	18984	51682	9815	62587	0	0	41115
169	779	915	15190	0	10240	74902	52858	62486	0	6344	26025
170	64	522	10827	62457	10999	74919	16555	31119	0	0	41402
171	802	432	0	0	0	0	0	0	9843	0	0
172	580	1028	45970	0	0	0	0	0	0	56107	47726
173	640	428	533	0	39685	10658	67156	66876	60282	48381	7315
174	1077	1403	53835	0	0	35414	69117	0	39993	43399	10203
175	188	21	21273	17638	17398	18315	30911	0	0	0	40018
176	491	965	35631	0	44910	1994	33833	39041	0	0	0
