# 3c0d6263-5adb-431b-b67c-e693a6f397c8
11	9	7	136	41
0.0	186.3	152.6	18.7	77.4	134.4	51.5	199.6	18.2	83.8	145.7
76.1	0.0	101.5	132.0	65.0	122.3	48.4	188.4	43.5	34.1	130.0
76.7	70.4	0.0	71.6	120.3	30.4	64.9	190.8	59.7	53.3	92.8
76.0	29.4	134.6	0.0	52.3	91.2	30.9	74.1	12.7	74.6	56.0
57.1	157.3	143.0	47.8	0.0	28.0	156.7	136.5	137.2	54.5	16.2
96.1	195.7	93.3	93.0	74.1	0.0	72.0	132.9	125.6	57.6	88.0
31.3	174.9	119.3	59.9	71.6	29.5	0.0	44.9	165.4	142.3	24.7
61.1	194.3	193.1	158.0	82.0	80.5	93.4	0.0	195.8	140.1	127.3
138.9	38.5	111.8	174.4	33.8	112.2	175.7	20.8	0.0	27.5	72.6
17.2	100.3	182.8	19.4	152.0	123.2	163.7	189.2	92.6	0.0	177.6
141.1	169.6	84.9	124.5	173.9	132.8	90.9	127.6	116.1	152.7	0.0
1	69362	6	9
2	49564	4	4
3	78878	4	6
4	36745	2	10
5	57951	3	11
6	32348	6	3
7	68764	5	4
8	75117	2	2
9	16444	2	10
10	20956	7	6
11	51541	7	10
12	24582	7	4
13	20514	2	11
14	76726	1	11
15	72259	2	1
16	73051	4	3
17	76964	2	1
18	69656	1	3
19	61417	7	9
20	39812	7	1
21	43936	1	10
22	77369	4	7
23	12579	5	3
24	59748	7	1
25	16482	2	6
26	17159	7	6
27	38290	3	9
28	34096	4	8
29	75557	1	8
30	19390	2	11
31	41326	2	1
32	47320	4	3
33	17615	4	11
34	76266	4	4
35	49849	6	7
36	15449	2	6
37	73841	3	3
38	10670	2	6
39	21971	3	1
40	36611	6	1
41	62236	1	1
1	1093.1	878.6	637186	577271	891155	684659	830104	845253	632285	817005	823122	774443	747143
2	554.7	61.2	682318	758867	778013	509580	948968	944722	605194	576686	556323	524656	809703
3	1172	1161.5	928957	924200	875167	620264	491884	729382	569803	557956	751912	761338	565320
4	349.7	1153.1	989061	525233	829529	925490	623012	702954	741687	948037	877350	725918	889173
5	517.7	172.2	774557	500619	513538	540602	593776	675226	684646	619379	710434	589061	728175
6	1175.3	918.1	1.01692e+06	533667	930041	750854	673770	577717	704815	559267	512602	902409	760418
7	608.8	254.5	665402	898317	604935	752502	856488	633549	902691	917038	825243	944063	693568
8	1019.7	631.2	848004	665889	900720	578972	778896	620735	702369	830702	771742	752512	940818
9	1046.4	325	578158	778840	546284	525366	756988	969414	486907	884804	646715	494115	689504
1	480.2	931.2
2	620.7	493.9
3	1037.7	1084.6
4	747	1311.4
5	211.6	190.7
6	925.8	559.6
7	1248.4	1212.6
1	1273.1	526.6	67043	42397	21190	51269	5591	30067	0	33206	24034	21778	0
2	1254.4	682.4	0	49827	38147	50881	29164	73092	0	0	9551	0	0
3	650.8	1448.9	73878	0	0	0	14596	37929	27147	62677	0	0	65390
4	1287.9	293.3	17326	32288	16389	0	41238	0	0	65974	0	0	59922
5	1381.7	381.5	20991	22802	47981	40545	3865	0	56273	15830	28419	47233	69063
6	1150.9	300	0	964	74856	0	0	28382	21965	39323	0	0	66905
7	131.7	511.7	0	45870	0	40628	26906	0	43616	0	0	48956	0
8	961.8	1056.6	52060	40087	48375	0	0	0	11887	30120	18040	26931	29227
9	607	696.4	13368	19885	34787	0	18395	26902	23130	27237	0	53818	33025
10	877.7	423.2	28618	0	0	70081	12988	61752	51889	851	35689	17248	6801
11	870.7	1161	33154	0	24026	0	0	41715	39996	0	60057	61023	49802
12	1063	1467.6	0	31316	2243	71500	0	42006	5978	0	9213	34817	0
13	1302.5	949.4	0	60935	13739	713	0	70040	21682	0	0	63447	0
14	759.6	1132.7	74704	47473	20540	2315	8147	48952	15924	6407	0	35354	0
15	779.7	134.6	17734	74618	69008	68216	17956	0	0	15982	9043	71557	62058
16	194.7	714.9	32604	26085	72234	31869	28310	73135	2739	5892	53154	12722	0
17	315.8	1088.6	72288	31021	0	71958	65850	0	22995	46085	37373	0	65103
18	643.2	87.8	0	37037	39106	33728	69595	0	0	57848	27853	0	17620
19	1448.8	738.5	3708	0	0	72680	72869	49747	0	0	41626	42249	41050
20	1204.4	198.4	42246	0	64697	22790	66822	0	12265	0	0	4339	52593
21	226.8	644	0	0	44467	55043	23117	32699	37316	0	18117	0	0
22	1301.8	643.4	33250	2696	15924	7473	4047	9926	2136	0	0	14520	0
23	826.8	1116.6	54929	0	22030	12624	0	53882	0	0	45340	12505	48606
24	216.8	530.3	31691	0	19923	68995	69696	64051	49221	0	58266	0	0
25	998.5	1417.5	46993	11376	0	55550	54173	0	52772	54358	11115	4929	32608
26	180	917	21944	0	49858	26500	0	821	9268	30048	0	5276	0
27	574	373.5	29781	5154	23156	4998	23348	0	31416	0	5814	0	61256
28	293	111.1	25270	39954	0	11697	26128	32887	38682	0	0	2734	0
29	725.9	1081.9	60246	71151	26479	40788	4562	0	23788	0	10806	3672	30389
30	1292.1	186.9	0	5113	17904	73114	58982	0	40758	39216	0	4080	0
31	884.4	629.8	0	45442	0	74337	72965	0	34970	21917	35976	0	19932
32	231.9	252.3	61224	30211	51789	0	0	69404	43713	53712	61459	17659	59843
33	362.1	643.2	49144	72759	1743	0	0	41493	5486	70397	72193	12455	51115
34	953.3	305.5	0	21193	0	0	70712	12132	59085	54122	0	47246	0
35	273.9	503.1	25788	49360	0	31147	26336	67944	0	7549	0	65475	0
36	1031.1	394.8	20870	23058	23566	7510	5930	0	71001	62391	56462	60374	74231
37	10.4	475.3	0	50839	30218	24651	48027	69265	27679	0	3573	67143	67573
38	525.4	1440.4	24673	47794	0	6803	5568	0	69216	48991	0	74893	35360
39	636.2	262.5	12571	23873	0	0	45530	8741	60668	17106	6331	0	0
40	1208.5	811.5	43673	9692	0	61131	12834	29253	45597	39664	7065	0	0
41	20.2	103.1	70436	55417	55799	20632	3102	64089	0	0	17237	35110	0
42	67	1316.5	71176	37103	58149	17013	25091	18429	43484	0	0	53538	74385
43	699.4	1256.7	0	32327	12229	0	29832	20318	22573	10872	0	31417	72552
44	123.8	1372.7	64014	15209	0	0	12518	53397	15767	23640	10914	0	0
45	388.7	876	0	54903	31370	69755	71762	72818	0	4963	35581	5107	64229
46	164.2	252.9	40406	0	33121	26937	60547	18340	31963	0	23349	12732	0
47	1318.5	1464.7	0	9410	0	48968	4909	56744	44059	51987	70039	0	9365
48	846.9	970	0	61325	0	0	0	73874	55288	15741	37379	4876	0
49	672.7	132.6	62791	44215	0	41522	56855	0	38546	68423	14131	5818	22264
50	1346.9	210.5	61803	7640	0	66271	65359	39969	17318	52979	21960	72989	59039
51	252.1	467.5	11488	65278	0	11831	30245	21219	16044	39871	61945	72610	0
52	1392.4	58.7	47373	33938	51778	33547	47824	22630	50450	0	37223	15781	29309
53	511.4	695.5	14325	74700	50595	0	54910	0	501	0	45361	49331	27118
54	659.9	83.4	69364	0	0	0	57302	0	2715	0	0	8517	23498
55	1147.8	691.5	4827	0	72476	52301	0	5513	0	15431	15335	0	0
56	976.5	888.5	0	61941	18101	54109	68992	10799	6655	0	0	16768	6987
57	756.7	1415.1	65321	16602	13452	22982	67561	12817	54832	0	12908	0	0
58	1092.5	877.9	21848	63374	44476	49824	43709	67444	9515	60608	39826	0	53731
59	624.2	42.8	3828	69013	0	0	63125	9279	27480	0	0	54532	0
60	353.8	1311.4	12598	40155	0	0	69712	54280	7827	49923	27548	57156	69525
61	245.6	357.3	71536	5717	37509	0	0	56012	0	33182	34745	48340	0
62	407.8	550.4	7484	47502	25297	6518	0	34143	52143	0	65600	51449	56249
63	707.4	59.9	0	0	38044	60658	28846	0	1106	69257	43725	60250	16173
64	550.3	291.9	28986	32554	54675	0	0	10853	47418	64957	0	0	0
65	714.9	523.4	42109	31652	61150	36160	32524	32758	11553	62071	64022	0	68171
66	1071.8	285.3	72003	0	9745	0	51441	13210	0	40036	0	67020	27354
67	392	1210.6	0	42743	0	32217	4821	30245	45082	10401	44116	0	25705
68	364.9	1458.7	53505	37961	0	23183	1371	0	74052	18685	57579	58968	0
69	869.9	494.8	48508	0	61680	4955	0	0	13924	23770	34428	29003	0
70	904.9	867.6	67688	0	5993	67487	20234	58565	21279	56482	0	0	33287
71	675.8	642	20794	70820	19112	0	57122	0	41026	0	63805	61849	0
72	285.2	1451.3	65541	56636	0	34232	69700	53924	40787	69303	42398	69927	24885
73	1146	103.7	20271	8283	0	7884	11610	0	48063	42386	67441	40431	0
74	497.7	1105.3	0	27176	58672	44605	16196	68414	0	57933	63528	0	0
75	929.2	674.6	70029	60098	26322	19888	0	0	5073	72556	71881	74299	61513
76	1089.7	683.9	19302	65796	16022	0	70569	15973	1676	0	52912	66267	0
77	1041.7	171.6	26117	4422	0	62374	3334	14410	0	14019	0	5650	0
78	785.3	753.5	15113	19480	0	10434	2923	0	0	25845	32796	54186	9566
79	615.7	853.1	65421	0	65666	36589	50212	0	0	47431	0	69249	0
80	603.9	134.7	0	50347	51419	0	35373	49920	41324	3561	64154	0	0
81	1469.7	879	0	41126	34467	1075	0	40225	40420	0	0	29448	43417
82	617	1140.9	59916	0	60063	33048	15413	2504	43717	6171	54501	0	12601
83	1397.9	854.4	57022	29897	5052	0	9888	13325	0	69062	0	0	66219
84	758.3	719.7	48530	59856	41354	74515	72497	37089	58251	0	12715	49857	0
85	1494.3	167.7	0	66843	46229	57076	21899	40766	63148	61499	0	6482	41713
86	1037.4	456.1	10907	62534	32732	2143	9786	0	0	0	12992	0	44413
87	648.8	261.3	0	762	66367	61562	54818	16556	42850	0	58811	0	42411
88	1027.3	1019.2	33084	0	66431	21981	61700	0	0	31195	0	0	14610
89	963.6	1167.9	69297	20566	51700	72613	0	71499	0	17537	19074	0	0
90	567	780.1	74731	19611	0	42998	0	0	72737	14105	57465	0	61536
91	75.8	764.5	0	68956	516	0	7302	72506	0	0	0	0	47727
92	305.7	1299.6	4134	0	54638	0	57883	0	6936	59315	0	0	74272
93	1403.6	1009	11585	26387	0	16508	0	0	0	16273	0	62151	30125
94	551.7	572	0	33940	0	28458	57124	0	37206	41064	68335	17652	9322
95	911.7	793.4	32759	4764	49625	45876	55496	33948	55530	63383	0	40912	0
96	1049.2	1040.8	0	14306	33983	37039	63701	0	66344	53593	0	0	73342
97	730.1	436.8	0	35758	58863	46012	10192	45112	21565	9228	72442	28360	26541
98	1164.8	573.2	30100	67810	63503	0	0	0	21718	0	506	0	42470
99	921.4	217.5	61981	6070	64055	63902	9577	53255	2463	27873	0	16512	24604
100	1360	644.3	17859	0	68159	0	0	46149	48762	58857	23897	32454	67180
101	359.6	486.2	11904	25275	0	0	4819	45468	27502	30344	45074	9018	62357
102	894	75.1	49974	18205	63174	49706	0	31192	36912	3591	45100	0	46665
103	74.3	109.8	21973	69643	0	48812	52429	50624	5524	62793	20326	0	74093
104	1044	16.4	0	0	2106	55847	5230	0	72689	0	61818	785	0
105	707.3	218.5	6409	2455	10415	0	73254	0	43680	24965	67979	44689	52471
106	1130.7	198.1	0	17211	0	60205	0	36930	51379	36111	53132	29453	0
107	1223.2	392.4	0	6486	0	25713	63890	18723	10990	0	54031	11477	0
108	680.5	238.4	55603	0	54484	61830	0	13575	31573	10278	6243	19670	37993
109	695.1	419.1	36137	0	28344	0	3850	3503	37607	9530	62215	73183	0
110	905.7	141.3	69374	0	63796	40921	65797	53139	0	0	40800	53993	60974
111	405.2	536.5	27337	0	61103	74138	67340	16087	68512	0	0	33904	34218
112	815.9	570	64797	6671	70509	30075	32571	62726	39851	31359	42909	68236	26054
113	12.3	1489.5	58700	0	0	39317	63108	32197	0	51207	45038	55887	45515
114	387.3	481.6	51286	20260	0	46986	25462	54542	0	0	53658	13662	0
115	121.4	573	22241	43965	7400	4607	0	61863	28355	46654	4904	19067	3029
116	1202.6	84.1	20760	2793	31804	0	0	0	6361	52519	68054	0	0
117	3.5	135.1	60617	20987	41518	22197	0	53204	11017	62491	42002	22639	40753
118	253.8	211.3	2838	7079	49088	0	4540	23324	0	58283	0	54080	0
119	1217.1	504.9	0	57165	0	0	38074	60719	24518	20468	0	10336	34972
120	501.4	1269.1	40585	0	30396	37184	68104	0	0	0	56951	63811	42542
121	964.5	222.9	43464	20271	57295	0	0	30922	43342	23482	24125	0	7050
122	1096.2	24.8	26630	65152	0	4225	0	60968	0	0	65181	72896	28422
123	355.7	517.8	0	0	60442	0	45092	9371	47963	0	4629	42357	0
124	1131.5	1023.5	0	0	9296	0	19786	44021	5275	25422	0	53249	73605
125	405.7	1427.4	11424	0	13875	64872	59694	0	25984	51913	22203	0	11352
126	8.9	1455.3	0	61923	0	0	7358	68048	0	37998	74158	65097	3031
127	226	1268.7	39607	16953	12131	71540	24939	62392	20576	32117	38386	29960	37217
128	1304.7	385.9	13488	0	46972	0	2942	0	14967	0	22679	22148	0
129	124.4	518.2	0	71269	62062	1522	2903	28710	54061	66668	68132	48087	59181
130	673.4	1150.4	32585	44017	0	16083	17227	0	69460	51212	33464	24828	59507
131	1114	595.4	0	5885	0	5587	0	10613	0	0	57061	14179	6969
132	1094.3	113.3	46855	44427	20874	0	33869	49741	60757	74933	33013	58082	39778
133	771.8	750.6	70156	70293	27427	0	0	0	45196	64683	0	15943	32581
134	441.2	860	0	12278	41971	3403	0	63013	6122	59624	39827	0	17968
135	656.8	402	0	8683	0	58403	23361	0	70693	0	66685	42163	0
136	860.5	909.2	24218	52465	9497	11466	0	4000	43542	54416	33498	56129	0
