# d52f0589-60e9-4930-8822-9cdbf7917741
12	8	6	125	39
0.0	173.9	33.5	195.1	181.6	118.6	87.7	151.5	193.0	111.2	73.8	124.5
136.5	0.0	149.4	45.7	96.1	55.2	21.8	16.7	34.1	170.1	154.6	153.4
126.2	27.6	0.0	44.4	98.0	30.5	16.1	52.6	65.3	13.0	179.8	33.1
62.3	74.4	58.0	0.0	192.8	144.2	171.9	27.5	168.5	126.8	53.6	92.6
24.7	61.1	89.1	30.1	0.0	52.9	179.6	118.9	18.4	59.9	73.9	123.3
31.2	48.1	99.5	155.2	89.7	0.0	74.2	106.4	141.0	117.6	62.4	53.4
149.1	188.8	147.1	130.7	128.2	160.8	0.0	74.7	181.2	101.1	185.3	175.0
13.9	74.1	17.6	167.8	48.1	42.3	113.0	0.0	90.4	185.6	156.2	138.6
86.6	61.0	157.8	153.3	171.1	66.9	36.1	31.9	0.0	133.8	120.1	65.7
19.1	42.4	156.8	75.1	135.8	141.2	55.4	35.7	98.7	0.0	62.9	19.8
177.7	14.5	95.4	131.5	100.7	182.8	115.2	158.7	159.4	115.1	0.0	173.7
93.1	179.1	170.3	11.3	162.2	84.3	110.3	190.1	197.8	51.2	95.0	0.0
1	17899	3	11
2	64031	5	6
3	70544	6	8
4	66039	6	6
5	39535	6	1
6	16813	6	11
7	70770	5	6
8	79552	3	4
9	30897	6	11
10	24115	1	1
11	47015	6	8
12	51118	2	10
13	28613	2	2
14	31592	3	7
15	45932	3	4
16	64334	5	5
17	18429	3	4
18	71202	3	7
19	33077	3	7
20	30176	4	6
21	28097	1	6
22	14764	1	3
23	54270	1	2
24	13952	3	1
25	33189	2	1
26	58144	4	8
27	38267	4	6
28	14397	5	7
29	66793	3	11
30	60806	6	10
31	29146	4	8
32	52560	4	11
33	10018	6	10
34	40189	5	5
35	26870	1	8
36	76954	4	10
37	38926	4	3
38	52178	5	1
39	45289	3	6
1	746	93	590276	621424	480590	704178	898366	992196	543762	655487	618599	828747	950368	853867
2	467	167	542105	694557	608213	705153	672449	609962	522179	614591	683984	809425	781638	927369
3	826	1094	638868	796471	548524	517824	790047	897355	601570	617427	735068	500916	944948	527750
4	106	983	836053	1003761	702294	889998	819243	672559	729893	788106	654659	514784	896594	604761
5	670	436	905421	812179	736171	589935	539262	845518	755104	739045	838970	950551	928583	534950
6	596	622	821852	725460	877306	578574	487958	752360	526784	552190	645873	821577	1006241	510389
7	1355	804	614729	681806	632634	580540	835398	767421	490689	585944	449248	729495	885272	683572
8	768	661	732021	971734	783767	567088	741487	623538	590604	549571	734261	608076	859617	855923
1.0	1444.8	6.7
2.0	789.0	1344.1
3.0	1151.6	1197.8
4.0	777.1	571.4
5.0	331.3	1375.2
6.0	1346.0	990.3
1	475	608	24806	9838	26188	35914	0	54833	12384	50588	48165	46626	24457	15942
2	947	1004	13994	31716	59066	41073	31492	0	15295	0	0	0	31766	59454
3	173	1193	13508	58630	14871	21776	0	65199	38565	0	3934	0	60961	73010
4	150	341	0	53378	66648	0	51635	4776	64831	0	0	36703	0	70893
5	1080	1173	73171	69163	17651	47186	0	0	0	26509	0	0	70865	20572
6	1467	829	0	45317	0	50423	0	41518	0	0	40154	27562	49845	0
7	856	485	0	36622	35170	58692	60301	8480	34538	0	0	11954	17521	57905
8	855	1078	0	57523	42726	5326	60023	21238	27034	23679	70831	73659	23952	61399
9	1422	432	0	47734	0	6931	26003	13091	43650	0	40880	0	1232	72233
10	475	1015	17354	0	69650	0	21268	51754	0	0	51110	57045	64003	25574
11	78	1420	0	66514	41224	0	0	43340	0	19740	67329	0	0	66790
12	1075	125	37952	14935	15612	0	58287	0	11887	38893	0	0	0	55257
13	896	1257	27305	24168	0	0	0	35300	13199	11777	8385	0	0	0
14	637	1224	0	0	0	45159	27368	0	5968	0	15345	0	59907	8574
15	328	1460	66200	52687	32322	22756	0	64383	7418	0	40185	65097	0	31223
16	72	1300	9551	27057	30751	38604	0	31191	7013	21719	25144	0	59758	0
17	1322	1481	0	0	38615	5634	8048	0	13403	0	2713	37383	0	0
18	231	800	0	11153	8014	0	19038	69100	74257	58818	0	62204	59779	65502
19	1038	1256	0	55071	22363	6377	0	30630	11358	0	63344	64094	74122	60795
20	4	993	0	0	0	53069	0	54164	57908	0	20366	46934	13423	48080
21	485	1258	68721	60609	0	0	50021	55449	0	0	28008	28727	68002	5475
22	435	674	3100	0	57776	0	0	0	15956	0	0	36198	32147	0
23	1019	1147	0	0	71365	29359	18184	56603	0	18096	6855	27922	29213	12527
24	1177	686	0	63835	44418	15810	64790	39217	24629	57841	44019	6282	0	43138
25	762	884	1669	0	0	0	70423	45718	31356	33538	16533	33086	71004	0
26	1034	832	0	0	0	0	35853	56295	12933	32158	0	13750	0	62140
27	1055	18	0	0	57734	40295	38926	49672	17476	59587	13656	0	47649	69398
28	552	509	33934	0	3534	0	38755	0	0	21000	38122	6806	51032	71327
29	764	1489	8077	66820	52466	5580	7143	0	22821	572	56627	41035	40253	19548
30	1378	847	20749	34958	17554	0	20097	66053	10390	39172	0	46985	69566	7719
31	946	1396	0	34711	74224	1907	0	48346	26668	5499	0	71442	0	17570
32	73	5	59535	0	6773	67607	9317	4949	57860	32206	5734	51634	36406	0
33	1385	1449	0	0	0	21868	13746	31128	0	0	62442	0	0	5421
34	1328	435	0	14300	23808	7929	67066	9933	9348	0	5537	1077	40072	21346
35	1496	206	48092	48389	21043	10361	72151	30694	66516	68540	64377	19494	0	6156
36	711	1322	0	64784	70784	15902	23663	61493	0	28659	64521	0	43439	29371
37	1212	955	37462	0	0	0	0	6617	52015	3067	65121	4124	5276	0
38	974	431	54562	57996	17002	45350	68258	3917	18592	0	25147	32017	2238	69249
39	1454	362	44922	35603	28357	0	73469	59905	5060	0	0	36318	43388	16067
40	1251	1428	0	37551	12929	31827	47561	53547	6339	0	72238	0	0	0
41	457	87	13158	20070	16704	25794	15158	64817	0	20823	16133	7513	46735	0
42	420	971	0	0	3862	0	11354	35975	70129	0	52684	48776	0	50923
43	932	382	10478	0	0	11312	0	40951	0	73868	28403	59601	0	39570
44	1263	44	55502	21519	53944	62976	0	49741	44008	0	43434	0	65644	0
45	1110	1384	32634	63514	42530	26915	0	14319	18329	18495	28779	69837	8171	29071
46	856	660	74963	41886	59988	2127	0	63306	0	25288	0	51844	39353	14209
47	584	1315	0	0	30513	49338	43384	27085	0	22353	65476	0	15176	29446
48	1167	905	12318	17275	44998	63982	3876	0	0	42703	0	8694	3593	0
49	216	204	58021	0	22670	34506	12336	0	57959	0	0	0	65780	0
50	719	510	62019	6121	27989	55042	52959	30195	28207	43430	0	0	0	0
51	1295	553	14016	15275	16507	22190	0	42701	46717	12702	0	0	13753	0
52	1494	847	0	51610	73709	45642	64026	58611	56555	20397	19146	0	2308	1444
53	642	168	44957	0	912	49279	0	0	17235	45035	26819	0	61971	44526
54	552	1201	67132	48376	30262	0	0	0	59973	30134	0	69505	71640	50396
55	1233	438	0	30372	0	0	43866	0	0	0	29157	70748	9778	0
56	730	797	32477	0	32152	2553	0	61557	0	0	0	28940	61778	55651
57	13	632	25757	61785	2195	8551	0	0	11484	0	0	11032	10598	43007
58	600	245	16433	60244	0	0	0	0	70158	44226	56989	74255	1795	17198
59	76	280	0	74882	0	43757	0	57061	0	15029	17607	36869	53046	52584
60	1468	91	27826	0	36916	46537	9384	66617	5499	4457	47805	19513	70005	17735
61	379	833	0	0	16479	9632	6012	23831	13685	16898	18020	42166	45237	0
62	383	1205	49052	0	54407	19302	68885	73594	60729	63023	70906	27003	2253	29156
63	455	851	0	38049	1543	59921	29157	39851	0	51421	572	0	4321	52029
64	602	135	56676	26775	68951	0	10298	0	65439	52772	63866	71194	44956	4812
65	1263	659	60203	17297	46975	64758	66425	52221	33447	0	5456	0	17103	30733
66	903	1012	70146	63644	33839	4904	0	62778	15040	0	0	0	69587	0
67	1086	1473	12333	0	0	43603	0	44874	0	51237	0	0	17231	0
68	713	1489	36186	23265	56239	0	52557	7612	2917	19390	0	24902	0	72610
69	1361	1192	20918	43620	33712	68099	16729	71949	6837	40731	51171	51975	700	21642
70	803	1253	0	525	0	67467	19446	11175	44647	0	53125	74379	34288	13906
71	377	1103	41925	14692	0	63553	7096	42342	70924	0	5254	25663	0	24884
72	1096	80	3541	0	0	23503	22033	56926	0	0	12008	59090	0	53991
73	61	922	68964	24894	26707	41958	22743	61555	0	0	18916	29848	10200	22408
74	1348	1334	62288	45294	58108	8675	45434	60351	43489	34676	0	28529	65092	18337
75	16	1212	2810	0	12469	0	69656	73122	7078	52287	22059	0	0	46293
76	476	1105	52697	57373	39472	0	0	28423	43417	60775	27604	0	43813	60593
77	1366	177	72406	0	52456	0	8339	15439	66162	72956	54706	56456	29726	7143
78	1227	372	67573	0	38850	0	3841	0	52748	4868	35228	6810	69167	0
79	1004	467	74647	31043	5671	20903	4105	0	0	0	44637	0	0	0
80	1074	238	50143	0	0	42809	5214	586	15466	0	0	39517	0	25959
81	253	1370	0	2461	50453	39001	58836	4925	2954	34289	0	69437	5793	18189
82	1033	430	0	29023	17925	52853	59586	26061	45010	0	0	47370	0	0
83	993	95	42826	60597	0	73452	0	9379	0	3194	0	0	21198	24668
84	116	133	0	42368	64503	0	6012	0	14186	16273	4706	55528	68343	0
85	774	1293	58556	69062	56194	7352	0	64433	48768	7675	14881	27355	4127	8049
86	1049	649	0	62400	12662	64562	34933	3643	31499	31707	11833	15270	59840	0
87	877	467	0	25200	51500	0	68446	3479	0	24548	19610	18872	0	28661
88	145	644	0	0	0	15608	0	65910	74543	0	38629	7333	1871	58018
89	1469	936	42689	18022	66143	18692	0	39623	38098	0	40636	22299	63778	51134
90	588	1114	26269	0	20225	14834	44526	33072	0	21335	0	47095	35476	39116
91	936	1008	0	29204	28986	53116	0	41550	71510	16001	27956	57077	0	13694
92	358	1083	0	0	0	56733	74722	2018	48389	55634	57016	11114	71044	46023
93	21	833	36457	44770	3719	14570	70703	0	16737	34537	15425	0	0	12875
94	578	334	23918	0	0	69635	53146	0	0	72241	0	39755	25116	23438
95	1395	1334	23093	0	56050	71244	0	46163	55659	55373	9730	21108	0	0
96	354	547	58912	69542	575	33188	0	17884	0	0	0	26526	0	51259
97	638	495	0	65326	6371	0	29241	66143	59413	0	0	58338	0	0
98	1263	1344	51980	0	0	0	0	0	49120	11445	0	62051	23474	8545
99	90	1482	5324	22862	0	0	6252	26089	0	30616	5473	0	17072	70710
100	674	1077	8142	0	14176	16456	0	17663	54079	13305	0	0	0	14028
101	205	491	0	69528	0	47865	48160	18557	39568	48052	0	73630	44529	34533
102	481	1424	10603	0	0	74724	38418	16163	0	0	7015	18542	25532	31684
103	1357	354	12895	28032	0	37912	64058	31858	23815	30668	2320	65940	7985	69630
104	769	154	0	965	48841	29710	73302	19599	19577	35485	32950	5470	56903	0
105	1226	461	0	0	54207	24598	41700	51293	0	28221	29711	0	71723	0
106	577	1280	33489	0	53469	25310	50811	2058	0	43144	18674	67642	53377	7467
107	319	29	72706	0	33104	0	32707	65400	0	57242	0	10346	0	13164
108	449	151	0	0	0	55422	0	43430	18472	0	0	4476	24541	63253
109	534	577	58984	59320	62117	52046	59834	0	60043	0	0	20705	65503	0
110	644	1398	13807	31852	31617	65611	3884	0	57776	43224	0	0	51446	0
111	1396	125	55816	74084	0	4676	34038	8825	37221	18022	42917	0	46152	0
112	230	1272	4569	55109	67132	7933	0	36614	20285	45675	51673	14028	56635	23506
113	1218	1196	8470	38778	23919	0	50400	0	41490	50484	66200	0	0	60446
114	274	345	15788	67339	48085	36696	33773	53968	33365	71473	45315	0	0	0
115	1312	626	71623	56613	0	0	60717	0	0	0	4966	30092	50964	46466
116	1272	786	19124	73361	0	14812	32690	0	20261	36355	0	32989	0	49965
117	3	505	0	0	61202	29057	12380	0	39400	0	68788	0	0	23250
118	577	597	26842	41803	0	34086	0	0	0	0	63647	7309	74573	0
119	149	290	0	0	0	697	58373	24902	0	0	55262	0	37819	21124
120	393	47	54519	74617	0	0	35197	2250	0	0	0	45068	43792	72261
121	184	497	52114	45161	0	0	0	0	0	0	49279	39872	23663	26951
122	889	1492	67061	22137	0	17673	61924	0	68331	49422	0	34220	10061	39698
123	214	906	36047	18389	70110	58229	0	42763	2966	30500	0	42143	38043	0
124	732	208	0	0	20355	46733	0	0	0	0	43450	43599	40896	69927
125	784	985	49222	44044	15188	44986	21048	0	44462	15641	0	0	73336	0
