# 61b8d007-1099-4c98-bf69-579993edc069
12	7	8	114	34
0.0	58.5	145.2	131.9	137.6	146.8	53.3	46.3	52.8	127.0	26.7	63.5
165.6	0.0	80.0	132.4	145.5	94.6	87.2	96.4	136.6	108.2	156.5	175.8
51.8	183.0	0.0	107.6	156.9	125.5	15.1	121.9	122.5	155.5	188.1	148.3
103.8	169.2	11.3	0.0	153.7	34.0	30.5	88.8	94.4	128.8	41.1	109.9
40.2	110.1	154.9	169.7	0.0	107.3	89.5	100.8	176.2	12.5	101.2	33.1
56.7	16.9	112.8	118.5	53.7	0.0	143.9	23.3	43.0	117.9	155.1	26.9
174.4	184.2	47.9	157.7	32.6	133.2	0.0	158.1	118.1	133.9	195.8	72.9
124.6	190.3	67.7	35.6	70.7	82.0	172.9	0.0	85.5	135.1	165.9	34.0
120.9	176.7	47.8	101.0	182.1	16.8	22.3	83.5	0.0	162.4	136.0	157.5
124.7	154.8	62.3	10.1	151.4	193.1	110.8	136.6	27.4	0.0	112.2	169.8
29.3	22.7	56.3	151.8	30.3	66.6	60.4	71.4	164.6	71.5	0.0	147.8
29.7	126.0	116.9	42.8	192.9	185.5	41.4	171.5	24.6	94.2	106.4	0.0
1	38237	6	5
2	37384	3	3
3	19188	4	5
4	75376	1	11
5	45974	2	10
6	47052	4	5
7	61392	5	9
8	71754	5	9
9	65193	7	10
10	22866	4	2
11	57504	2	9
12	63139	2	7
13	60960	2	9
14	41263	1	10
15	67101	3	12
16	42342	3	2
17	23874	7	6
18	33359	7	4
19	23433	8	3
20	23503	7	7
21	63084	3	6
22	36247	6	8
23	38278	6	2
24	68451	3	6
25	43214	5	1
26	67344	4	3
27	54759	6	6
28	24236	6	1
29	45985	4	1
30	33482	4	11
31	20568	5	4
32	45901	8	6
33	60706	5	8
34	25893	7	3
1	1186.4	850.2	963629	874491	495834	1.03424e+06	701872	904578	651269	607638	668371	735542	673915	1.00916e+06
2	1244	499.4	800923	465885	694702	690438	653268	728074	518830	786735	524171	695556	846161	981047
3	628.5	1187.1	604410	609008	565055	1.0315e+06	755120	1.01873e+06	479385	452697	927946	729090	784378	808275
4	791.9	1040.1	808132	614080	913207	603017	698927	651646	537205	852361	926618	797655	674902	869956
5	648.4	1464.3	518054	527855	832835	678778	601649	973066	676394	558335	767150	855700	1.06643e+06	600782
6	151.8	821.2	722316	566942	965760	948161	849257	829083	452895	829941	771519	801357	825499	877628
7	1476	658.1	579633	762928	730187	766812	653634	795388	502419	575294	490272	765310	833230	739203
1	181	1168.5
2	153	937.9
3	1321.8	1032.6
4	505.8	1077.5
5	142.4	52.5
6	49	1075.1
7	1115.1	533.9
8	1454.9	1034.2
1	466.3	1011.3	33698	0	25092	0	0	23170	20379	31575	13983	32154	29097	1330
2	1141.8	1443.2	0	0	0	46644	0	7941	4433	1494	0	0	8746	42127
3	1092.5	255	0	18735	52655	0	0	47684	57640	50588	63718	0	49453	24521
4	863	139.7	0	12285	0	17053	56314	61492	0	0	47614	54412	0	2438
5	899.5	1334.4	17314	2613	0	59775	61102	14352	34762	0	58244	56278	0	3153
6	578.6	1074.7	46829	0	18595	32107	38501	36946	67332	44920	0	0	26973	8904
7	773	627.7	0	0	0	0	0	36450	0	0	0	34535	42703	65730
8	1449.3	993	28203	52384	0	24453	39008	42206	1355	52808	0	22111	66646	0
9	1493.7	584.1	41479	62844	0	50300	0	70790	0	0	0	50438	60314	30111
10	904.8	786.8	54129	10045	10582	26652	56797	41102	9856	27212	59327	0	5980	66009
11	344.3	832.3	62527	0	52872	7747	8341	16169	0	13779	8141	42931	0	47394
12	597.3	1407.8	0	60805	0	0	70916	4321	37987	0	0	44050	71509	946
13	1380.4	1009.1	38897	6821	63731	0	16296	62563	18634	0	37083	11689	12627	0
14	767.4	995.3	26476	4928	34690	0	40349	2517	0	30112	9795	9571	5386	41219
15	683.4	1091.1	28360	29467	0	28098	8947	53638	0	0	34119	0	0	4947
16	468	156.2	1833	43271	0	0	0	40236	67618	0	0	39478	24610	35811
17	1356	128.5	0	61682	14368	38128	0	23827	8131	613	70573	0	59140	61854
18	267.5	623.9	0	52672	19233	0	0	0	7831	71554	41402	36501	18480	31776
19	921.9	1078.8	10225	0	17561	57220	60243	0	40153	24847	22616	26237	62202	0
20	1374.4	409	26652	0	42985	6138	0	34089	70325	17957	74414	32032	72812	8660
21	941.5	1136.2	69013	2156	8432	3943	0	60213	0	74452	59553	42640	3382	34387
22	1399.3	424.9	59501	72030	0	0	35246	10377	68964	44792	0	0	24039	0
23	816.4	233.8	0	20980	31769	27374	47892	7801	25251	0	50669	4056	37868	1092
24	935.7	1218.7	0	0	41095	0	0	64541	4798	32032	0	21022	0	18285
25	458.2	329.9	38597	65137	0	37481	63382	0	0	4811	44055	55514	19423	0
26	1249.1	41.5	819	0	16046	53604	32269	0	74737	34419	0	8103	73570	2599
27	457.3	626.5	35380	49129	65343	51316	61703	44729	15581	58434	0	32479	49182	42216
28	429.4	494.2	17725	53137	0	0	25145	16872	0	25401	21403	65316	21177	0
29	652.9	216.4	35302	31482	0	11969	6451	61234	0	56744	0	8348	40342	50777
30	706.2	1270.8	65027	70923	58833	58993	1989	32193	0	12242	33281	0	50167	24991
31	108.8	815.9	0	46175	47555	51725	0	22801	64445	18456	68755	0	40490	29272
32	147.8	630.5	0	0	50320	57527	50766	0	48069	0	0	31332	37147	12537
33	25.2	1012.5	21002	0	6476	0	69141	0	62470	56179	16037	17136	48029	0
34	1197.3	589.5	72379	54139	47928	67074	34492	0	0	21000	40047	0	41062	28482
35	713.5	1096.9	31360	0	33386	65379	0	0	0	0	42055	69331	0	34018
36	1255.7	154.6	0	30347	24597	53845	0	67185	63211	24278	6139	53291	28442	69482
37	801	1473.4	0	4632	0	28788	66562	25055	0	1088	0	47674	10885	38671
38	1402	1431.9	19402	25527	3491	20575	7957	58590	21702	52679	14162	44904	52371	44441
39	572.5	1120.6	950	0	14341	74143	68117	0	0	6715	33970	40997	20382	0
40	931.7	158.5	0	50643	0	66859	0	71961	0	0	48369	4394	60885	13206
41	250.1	1441.1	54019	0	0	0	0	40795	57930	6945	0	15921	54291	3903
42	422	645.9	13149	39974	0	37166	10254	0	40342	0	0	2037	21821	39124
43	1436.6	459.4	0	0	0	0	70597	0	0	0	49218	59853	14084	55420
44	656	519.7	43538	3800	14390	37560	0	1283	33860	60897	0	0	3843	53490
45	362.2	886.7	0	65075	8813	12328	0	57932	0	0	0	54897	12411	0
46	985.3	1107.6	5681	51815	65759	34436	20361	35218	15905	35396	65172	24437	0	49872
47	1449.4	907.6	0	17217	51655	7557	66395	0	2304	9734	26093	25537	6163	38937
48	322.6	1182.4	30159	9575	53063	0	66467	0	49831	0	0	0	0	21792
49	630.7	798.5	6318	0	32817	53786	0	18194	72068	19578	52681	0	69550	74690
50	61.5	259	56622	24060	0	9092	0	14218	51670	63438	17679	0	11620	59488
51	570.3	1006.5	0	56228	49999	0	2543	0	0	25754	52859	0	73835	0
52	1336.4	22.5	28604	0	66130	48214	6947	0	64882	30013	3701	0	0	2374
53	276	403.5	15495	0	5876	47738	57087	0	0	11621	0	12677	11950	19410
54	1334	1210.2	0	65180	52457	54916	30206	3335	0	62298	29767	0	719	9450
55	276.1	722	0	15128	19923	64256	40361	4317	0	34653	52719	54530	0	44003
56	1496.8	213.4	8612	47009	22643	67695	18741	29805	4990	42491	17956	2083	21441	0
57	263.7	1169.9	68213	0	20269	38055	0	5054	14831	24615	25597	64723	54981	43074
58	133.7	1280.2	74603	20072	0	39162	45519	0	73738	0	0	60754	0	0
59	1190.5	1289.7	0	34866	43153	8178	62154	55342	48210	55087	60283	0	0	0
60	42.6	600	15270	43358	38478	0	32356	12764	20005	1697	25813	18051	67948	0
61	689.9	1229.2	0	0	67644	33130	50946	0	0	0	12300	0	23563	0
62	1214.1	803.5	25324	11406	60838	0	0	55718	1697	29371	35818	13548	0	7293
63	1336.3	97.9	52759	50420	55884	0	59863	45570	0	0	0	67370	37034	16004
64	107.3	1012.5	65781	9519	13568	0	0	49154	16544	0	0	55978	35424	68643
65	563.9	1321.1	33583	55947	23025	16866	50999	52807	0	64460	18356	0	58115	28119
66	622.9	326.1	0	0	0	47779	0	12509	35923	7044	10315	32030	66056	0
67	1051.8	454.5	11523	0	71241	0	6299	59041	56314	0	19521	41236	66991	0
68	1199.6	1017.8	41528	73520	3039	66558	19811	44095	0	41504	0	39652	72301	48914
69	752.6	1215.2	70757	0	0	60979	32638	44117	73842	30531	55515	1337	0	0
70	201.8	121.6	44405	0	47026	28051	60598	30783	5113	37235	31135	37294	49102	49538
71	672.4	896.1	66292	52531	57604	56032	20907	61220	0	2522	48407	3271	23900	7869
72	97.8	432.3	44194	66253	1930	9634	0	25611	0	20395	0	0	41994	0
73	1299.4	744.7	0	0	68219	38832	0	6813	0	38066	0	0	53999	0
74	1095.3	222.6	32711	11008	1108	61752	12914	25378	24584	23598	48775	46219	0	7028
75	1334.8	527.7	51730	0	64017	44431	70501	61104	34439	0	14833	59114	0	39069
76	1172.8	280	0	18948	0	43731	21537	37985	0	66232	8734	0	0	0
77	1245.4	470.4	58642	34736	0	17588	0	42736	2353	0	31384	46430	0	989
78	1119.3	853.7	0	22909	69779	0	33201	0	50989	39975	0	36781	45720	69016
79	1048.7	279.2	30310	6986	29061	0	36354	61003	0	0	0	0	66422	33952
80	433.9	295.4	0	40346	27015	15313	28296	48374	0	2449	9395	58794	49249	72315
81	864.6	1277.4	21106	56303	66174	61310	28129	63371	8810	16006	0	74846	63516	0
82	665.2	1438.3	74390	0	2259	0	57639	52582	11796	26517	18688	72018	52519	0
83	192.6	402.3	0	58366	42915	0	70701	46655	0	30516	47355	16667	33562	0
84	366.1	0.3	13146	23362	12845	0	0	33373	37393	0	39992	19791	0	61422
85	531.2	1265.7	70326	0	0	17666	57860	50807	0	43315	0	33328	0	22133
86	1006.9	1372.4	51359	0	72933	70690	74607	0	0	0	0	46656	39271	20524
87	375.5	574.5	9378	55301	0	0	34535	6523	21203	30768	29776	9487	7154	0
88	1128.5	1030.2	33842	0	65077	0	73822	0	0	68661	49956	33030	25424	35223
89	193.2	739.8	69230	0	32526	0	48723	43865	25679	72497	64793	52971	0	37749
90	515.4	1093.4	37828	0	55131	0	0	0	46316	10150	45840	0	31239	54784
91	1380	1335.1	58801	43904	29650	55293	0	0	0	0	14236	39345	0	15164
92	1229.3	1492	0	0	70090	58479	14700	14145	37420	11714	54391	3573	30487	0
93	1405.2	193.6	0	42684	42367	6960	69485	9387	23835	61971	69666	46428	52313	69333
94	584.9	33.2	0	36509	20988	0	0	0	0	0	36174	22892	0	50114
95	914.3	1127.8	698	0	0	0	0	0	17570	24341	839	17053	0	49112
96	1018.2	1468.2	8889	753	57492	11371	0	0	66141	48661	11894	25729	49633	4385
97	924.7	278.2	7154	0	0	0	0	0	47967	37004	67191	69318	0	12813
98	821.6	833.7	18088	39037	0	68547	62465	32473	0	53990	0	47829	74798	70592
99	843	1307	52184	0	10685	16488	42177	7568	0	0	12884	45098	10378	0
100	1011	665.2	0	11986	0	46441	29589	3061	2527	9399	0	32982	73098	74156
101	749.6	1289.1	69034	0	34720	52473	63298	3900	70522	0	55261	6799	60082	68443
102	1329.4	471.4	36824	51804	54167	31012	15603	36012	0	61700	9624	6432	28092	20261
103	802.9	469.8	36694	23963	44121	72731	50603	39940	35584	0	7040	44755	31847	0
104	373.7	681	0	0	15834	40454	0	54278	42207	0	57969	25324	0	59594
105	18	1024.9	61641	53540	0	17894	40993	18796	38786	47404	0	73589	0	73540
106	153.2	26.9	30527	59014	21119	18341	36927	68305	49422	66032	72175	8704	38469	22754
107	73.8	814.2	33721	7863	0	20086	38759	18858	14144	64608	0	36524	17515	54306
108	51.6	818.7	0	35442	0	0	0	0	38822	28156	0	0	66452	23565
109	895.7	897.7	0	16734	0	11052	16912	57976	58436	13492	47512	17490	56575	34705
110	88.3	635.7	73186	22903	60266	63424	0	18978	9317	11227	0	0	53361	67286
111	255.5	509.8	0	42952	49883	0	0	50424	11267	0	0	0	32419	11251
112	394.9	168.5	32470	39907	0	0	59682	54460	2871	0	29522	14573	0	32641
113	1315.4	1113.7	40065	0	0	59936	61397	0	33728	0	37571	36451	57159	63532
114	1330.8	1242.7	56407	0	0	0	70103	57940	66634	2494	19054	18552	0	0
