# b3a7a5e9-ea36-4520-bdcf-2b771bbb395f
8	10	6	176	41
0.0	168.0	179.2	170.8	170.7	149.9	116.0	137.1
59.1	0.0	65.4	66.6	60.6	187.7	112.5	42.4
115.9	119.9	0.0	198.2	95.4	136.3	188.8	59.1
68.5	159.6	63.4	0.0	50.0	108.4	106.7	104.9
172.9	89.7	68.8	89.9	0.0	139.5	135.2	87.4
25.1	96.1	168.5	28.2	54.4	0.0	69.8	136.8
82.8	34.9	108.8	59.0	184.9	92.2	0.0	13.6
60.4	160.5	165.8	40.6	53.0	117.0	22.0	0.0
1	32526	2	5
2	49188	2	5
3	38888	4	3
4	45758	6	4
5	69039	1	1
6	55710	3	1
7	24653	3	7
8	34792	5	2
9	38810	1	3
10	68931	2	3
11	67460	6	4
12	44358	1	5
13	22885	5	6
14	46878	6	6
15	71490	2	6
16	63099	1	6
17	38072	3	2
18	31156	1	3
19	12863	3	4
20	36611	1	7
21	59215	1	4
22	15077	4	4
23	17150	6	6
24	60596	4	1
25	21662	1	5
26	12604	5	3
27	77981	4	3
28	57078	4	3
29	73954	4	3
30	75482	4	1
31	69302	4	8
32	48954	5	4
33	29164	2	7
34	10430	5	7
35	47789	4	2
36	20392	4	8
37	79159	3	1
38	74889	5	4
39	64504	1	3
40	15639	2	6
41	24852	2	5
1	90	378	703358	978620	1108702	869919	632289	1112885	980378	590799
2	158	50	538470	836934	751383	1029297	1068225	627259	1020878	1061896
3	1100	838	789422	1060095	872681	640815	905186	1163956	672260	616903
4	614	525	714801	610652	1033268	816807	1132245	1042566	610431	922976
5	429	789	1045914	634626	766542	963181	666990	754268	976337	1054338
6	991	897	895441	651953	907862	726120	879637	788798	1037685	611827
7	1377	355	866181	890665	814211	984928	689837	726294	1025598	712117
8	310	1051	872139	748516	1078821	970954	830228	954000	804308	911418
9	831	65	558534	972876	587866	845186	942715	773352	1053424	1064273
10	124	955	869084	1110974	1008254	585175	843925	650950	1119601	630465
1.0	36.7	1352.9
2.0	1187.5	935.2
3.0	257.1	75.1
4.0	164.6	1262.6
5.0	163.5	1058.1
6.0	119.8	795.1
1	543	1495	38577	0	57294	36952	0	68055	19094	21404
2	1114	610	11253	36985	0	11273	46529	32659	35957	62979
3	392	1061	74318	67363	47761	49143	9258	0	0	12626
4	24	288	0	0	70384	67111	4935	68601	47577	55323
5	1205	198	0	8965	0	15086	59357	68481	49395	59974
6	459	20	58466	58348	27639	0	55166	0	0	41377
7	431	541	1491	0	39104	6768	9378	58326	31877	21034
8	629	1429	39801	48917	0	19714	0	21642	0	6244
9	114	1223	0	6167	41923	0	0	0	70699	50850
10	1421	1490	26182	0	0	33589	47004	31557	24719	651
11	85	1182	67187	51497	46650	34227	0	6123	2302	63231
12	459	1496	37322	0	56056	0	72812	1003	0	0
13	1028	1043	73469	48057	69488	0	7155	0	64067	0
14	1345	1319	0	44258	17574	0	53437	13342	69782	0
15	963	746	2560	26095	49018	0	25413	66323	51412	16599
16	474	388	0	7434	0	46218	53111	0	17000	31911
17	325	38	0	44152	12449	0	0	39721	74178	28509
18	93	811	0	589	68464	17989	29833	53912	29133	14718
19	106	743	59803	0	72448	0	0	0	32771	51682
20	980	379	28183	67786	0	52543	41782	39680	0	0
21	430	333	70085	69000	0	0	20803	37036	35400	7541
22	499	499	48058	0	0	18909	0	30896	38316	0
23	864	1350	11509	64926	70064	27164	33203	46399	63903	43320
24	1279	375	31277	73287	10817	10472	0	62243	43865	59982
25	413	840	0	41428	22952	70835	71675	42980	48080	9083
26	1321	1402	0	70960	65758	26918	67414	19811	74161	52370
27	1194	130	73609	56293	39292	56960	24476	60211	0	72568
28	524	984	38524	2718	52522	67647	21423	0	20704	67966
29	383	1403	20651	0	2346	40016	35753	0	1977	0
30	277	1388	44736	45860	11155	24022	0	69034	0	0
31	1198	1348	32067	0	37887	34788	61135	29098	32813	29457
32	1035	166	0	27627	0	63235	22698	33976	17762	0
33	1430	624	44131	23726	0	0	65017	10943	0	0
34	1205	557	69725	4099	73950	37365	33075	49769	0	62140
35	1281	1326	40003	0	47586	0	0	64731	32117	64028
36	340	321	0	70802	23115	0	33633	35604	52378	53016
37	568	1226	58647	55742	0	35140	0	0	0	0
38	787	769	25933	0	32640	50114	0	2307	21155	17082
39	91	169	61579	1885	10019	44735	0	21732	66898	41142
40	211	707	19878	49176	47533	29166	24742	14692	0	0
41	1052	983	40948	1988	40058	20990	73799	0	30496	27977
42	303	529	30060	20850	12664	37015	35441	0	0	73757
43	1	611	33618	14322	67608	52467	0	45682	5665	50297
44	553	1065	30674	51085	0	0	34119	69711	0	31987
45	779	338	47038	0	34725	8383	0	15255	44655	11977
46	966	283	61600	36561	71392	57352	56993	57852	34475	0
47	1021	696	32500	60046	0	1997	41569	22971	62169	0
48	678	366	0	51331	44734	66580	0	0	51975	43733
49	615	1480	22055	31808	31768	11088	2382	0	46632	55655
50	472	794	21935	46533	40856	0	60759	72678	10888	8424
51	918	307	17940	38662	56096	62958	52284	21973	40825	73602
52	1246	240	53659	48634	8229	35779	71990	44384	10770	21352
53	550	1024	43531	42523	21798	0	14398	1602	15164	51752
54	862	1276	35952	73901	0	13610	73167	29671	0	35130
55	1443	91	48541	31614	0	3819	1086	31076	17253	0
56	705	3	6159	33680	0	47996	57965	37192	0	18189
57	1422	1341	58669	14325	12724	7317	62466	3298	62142	0
58	54	861	16015	65619	0	21771	22962	45539	0	0
59	472	106	0	0	37174	1804	2828	44451	0	57496
60	1186	236	0	69718	52103	2839	53355	0	48352	20431
61	16	1101	0	3188	1605	7793	45425	71648	50586	67934
62	307	98	24042	59123	23872	67338	72064	12885	0	17999
63	1003	410	26915	0	5765	52717	7483	0	38096	52555
64	923	664	50055	5020	33602	0	5058	5828	67168	2255
65	1419	1497	754	8978	0	35247	20076	58561	66758	19138
66	195	1044	23644	46213	9321	63231	0	5001	15340	52255
67	312	1094	21063	3878	36787	7200	0	8725	58423	6469
68	659	1237	17480	0	0	16781	28829	13726	51007	0
69	817	866	29812	62478	28668	0	57567	7160	24495	67765
70	1080	1042	49870	3785	47227	69540	69850	33761	70054	41314
71	46	901	8435	45693	67592	61878	17997	7115	0	0
72	184	455	64966	0	0	0	35127	0	0	15751
73	297	123	30295	0	19044	0	0	70105	47834	0
74	425	245	0	647	0	0	0	43234	61443	0
75	116	1293	0	0	0	0	71707	47727	46869	0
76	1227	379	39820	0	29477	67558	0	46348	1261	0
77	490	1295	0	45333	58495	25667	0	0	49447	0
78	784	602	68648	0	73649	69861	74786	0	26755	43173
79	681	711	24403	53241	68393	34206	40323	0	0	39430
80	628	108	6896	30548	15137	41104	59389	67659	0	70283
81	251	939	9696	26056	58795	58325	0	37196	33051	64680
82	79	915	43573	34295	0	0	64736	28405	0	46021
83	63	616	0	32646	0	29933	0	35059	0	13546
84	1203	1338	0	13079	21794	0	73397	13544	17743	27045
85	415	81	0	63674	49897	10626	67519	70128	38985	0
86	302	97	27133	74462	51843	0	42998	29589	4072	0
87	856	48	8993	58153	0	0	0	34936	4195	23890
88	1161	346	18685	0	0	69284	0	0	69381	0
89	361	993	58390	68234	51168	41821	18539	32723	0	0
90	455	60	0	70558	39085	3873	604	3169	0	0
91	852	461	68063	0	13298	0	37830	51923	0	61968
92	1073	709	19371	10749	0	59222	0	51487	39195	20152
93	857	1410	30683	0	0	9120	33899	60907	73864	0
94	59	596	15933	0	62262	4939	17804	38700	62533	0
95	28	747	0	42673	0	59641	5616	49700	2600	43372
96	657	878	0	42368	18845	72976	18148	15318	0	0
97	1364	573	41860	52355	0	0	42309	0	0	12150
98	799	109	52303	74822	41331	54806	18489	69226	0	0
99	856	872	39231	43064	13622	0	0	40100	41725	54750
100	462	1340	60934	0	0	0	33693	0	0	0
101	600	924	35440	15391	64930	9198	29097	37242	49214	27487
102	1116	1425	30486	0	0	0	59921	0	15116	0
103	992	1142	13516	0	16163	3207	52590	46851	6928	53001
104	1440	387	15416	36086	0	63888	48568	21988	0	0
105	663	1326	40037	0	41645	0	50671	20101	11892	59124
106	105	1212	74690	0	62492	10926	67419	7975	0	21234
107	1327	1448	38203	44452	891	46965	31511	26341	14572	38564
108	1347	485	810	56247	44115	0	42079	69270	22209	21982
109	1027	253	0	30766	0	0	0	57456	0	31257
110	1395	33	27437	49921	0	3943	61381	51609	0	62146
111	1456	617	0	40207	49156	0	0	0	15438	0
112	880	192	0	0	43992	20159	0	72053	74875	20358
113	901	306	0	37887	35752	47292	0	0	61913	0
114	653	207	59530	10423	53231	0	70690	0	35547	5140
115	422	973	15692	39324	41487	41655	0	0	33075	62671
116	1450	1106	15426	0	68760	0	30136	41580	14580	48582
117	1418	852	53153	6443	70607	19011	51770	50791	47225	8887
118	98	1043	0	17527	64709	17934	58744	30743	0	20455
119	1088	694	29938	61140	53777	0	67346	2020	18248	0
120	11	1172	3692	9580	0	64716	58138	2584	61568	30989
121	1198	1163	65809	36197	0	17103	0	11509	0	16655
122	720	411	0	20388	0	27020	0	70585	31499	73635
123	783	144	58709	0	0	0	58751	49406	48345	34440
124	572	69	44415	5893	0	41716	31614	49869	74871	0
125	307	944	65220	13149	63820	62638	27151	0	23279	26016
126	801	333	33334	64287	57626	15769	44090	0	16657	0
127	339	1339	44419	0	63886	0	29135	66586	47183	39885
128	1350	1080	0	20221	21629	0	40297	55978	42767	64825
129	924	1316	25704	58323	65689	0	0	55710	33133	0
130	709	1312	26797	0	3335	19097	72593	39566	27469	28957
131	486	279	52438	42297	29512	0	0	28239	0	18429
132	1063	1474	0	9433	15469	14390	0	0	69221	0
133	412	725	10529	15820	0	0	2278	15452	22343	30537
134	349	590	35751	6664	40448	57988	74102	0	13403	0
135	271	347	12368	70518	0	46095	64123	0	0	0
136	205	606	59116	0	0	36949	50716	58690	73777	64996
137	305	1462	64039	72679	2475	48768	19623	1714	63688	0
138	765	837	0	0	65974	13757	47033	0	0	14624
139	492	1371	2360	13874	45865	45735	0	68422	0	62340
140	674	882	12140	0	0	39414	0	21076	0	57726
141	1314	825	0	49888	33139	0	0	0	12121	16759
142	461	202	0	67295	26443	73857	0	0	69322	71343
143	80	70	71397	49409	0	41080	36076	0	23980	66878
144	663	496	0	60262	62457	54151	24388	0	60412	28519
145	1264	426	0	0	64781	45803	72770	63124	0	33389
146	96	837	0	0	67115	0	0	43546	67053	61704
147	559	1326	0	19787	13141	0	0	0	0	0
148	1218	882	0	10985	45082	73089	62583	63029	24771	25146
149	160	326	0	0	67443	15325	0	48126	8641	26524
150	329	1190	39883	69932	0	36623	58509	52104	19618	28911
151	428	1026	43341	8580	42114	33795	0	56188	15777	33137
152	330	952	0	68178	19142	9577	7722	8751	30179	0
153	1156	1278	62913	55362	0	65757	0	18133	32893	12102
154	1060	1012	0	0	54705	14093	0	68450	34903	0
155	886	320	0	0	0	0	56413	0	18156	16450
156	1272	443	0	0	43382	21731	18421	0	0	0
157	106	1095	0	0	0	25330	0	67000	0	49677
158	231	1260	4688	59873	54421	0	0	9371	0	47557
159	435	1344	60177	0	66474	33467	58652	0	73334	31083
160	882	376	0	54405	0	23406	0	1327	52801	71292
161	1049	796	6653	0	0	13476	9011	0	25612	9435
162	411	399	67274	0	0	33869	14430	0	63463	0
163	456	948	10679	0	0	28848	18548	57058	12151	0
164	1110	1040	0	0	42066	12752	67505	0	25575	56189
165	516	755	37989	61865	0	63962	51966	0	71396	35104
166	741	684	0	64785	14360	71155	0	74679	50385	54082
167	650	719	67027	9836	18630	19345	12941	24452	30295	0
168	1219	811	30461	58486	0	0	19581	0	0	0
169	406	1292	0	59503	15270	28732	0	0	55824	0
170	370	1406	18387	22208	8539	839	1824	33757	10411	36712
171	584	594	0	56079	20537	55362	34235	47164	0	15685
172	260	452	5776	44651	0	0	57602	6654	62634	17274
173	1037	335	0	0	74450	66155	0	11294	25028	0
174	993	920	18095	0	28886	0	0	41428	72755	67617
175	507	1007	0	24625	0	73131	51299	43867	68701	40751
176	62	270	56862	0	15941	29040	0	38510	0	67999
