# ed40c7e7-56ed-4986-8529-96ddf687a9ef
8	7	5	151	42
0.0	78.6	176.5	20.8	63.0	113.6	110.4	67.6
39.8	0.0	35.0	126.9	125.4	195.3	139.0	171.9
178.2	195.4	0.0	37.0	197.9	152.3	113.5	93.0
105.5	96.5	160.1	0.0	84.2	138.6	111.8	30.1
135.7	59.1	54.7	163.1	0.0	190.2	101.2	101.0
141.3	157.5	102.1	32.8	152.9	0.0	165.0	23.6
127.4	86.3	140.2	148.2	39.5	86.0	0.0	89.6
176.0	131.7	84.3	190.5	56.2	44.2	134.2	0.0
1	57078	1	3
2	47904	2	4
3	28981	1	7
4	78124	2	4
5	30542	2	8
6	65830	4	7
7	22004	2	2
8	34941	5	5
9	25407	4	2
10	36710	2	7
11	44666	5	4
12	16932	5	5
13	20853	4	7
14	77285	5	3
15	68342	5	7
16	57811	4	3
17	59278	1	7
18	50705	4	8
19	60530	5	3
20	57195	5	6
21	79736	3	6
22	55130	1	1
23	57355	5	3
24	33408	1	1
25	23997	4	7
26	67212	3	4
27	44421	2	3
28	15449	5	5
29	29145	3	3
30	31817	2	6
31	31444	1	1
32	59781	2	1
33	29443	5	4
34	10022	2	5
35	29990	3	3
36	47723	5	4
37	17522	4	5
38	69235	1	4
39	58380	4	2
40	63099	3	5
41	65624	3	1
42	24545	5	1
1	145.4	961.5	1.1435e+06	728351	713073	1.02322e+06	1.01138e+06	1.36192e+06	851190	1.22731e+06
2	1172.5	639.2	768914	702093	1.20404e+06	863242	1.05075e+06	831155	927915	805676
3	630.8	780.4	825354	795328	981171	704858	787768	1.1941e+06	693742	650715
4	687.6	1392.2	849269	725947	732503	1.22717e+06	1.05271e+06	1.46962e+06	1.14098e+06	726166
5	1388.6	1377.9	688516	1.15496e+06	943251	1.3243e+06	1.14498e+06	1.31119e+06	967515	1.05604e+06
6	320	1140.7	1.10351e+06	655999	709145	1.08067e+06	983612	1.51186e+06	1.17444e+06	861170
7	1429.7	1420.6	924837	860850	923220	1.16915e+06	1.11059e+06	1.46495e+06	932030	668839
1	1029.1	1096.1
2	51.7	210.6
3	1271.7	138.7
4	1364	97.4
5	404.5	421
1	39.5	1055	25087	62118	0	37367	69377	44758	0	49831
2	418.5	8.7	33648	32108	42245	50408	0	42253	29698	0
3	614.8	347.5	31738	0	0	1959	35045	0	0	58389
4	387.1	1127.3	10839	26754	0	41097	0	23314	54515	24550
5	548.6	388.4	12448	71529	58036	28305	10536	3442	24455	0
6	818.6	718.2	34488	70622	60127	32372	44233	29009	54065	3928
7	834.8	1196.3	29843	3086	74868	3338	3521	0	31558	15565
8	723.7	1395.4	17121	0	11663	26924	70236	0	0	5552
9	115.3	1366.1	0	0	66540	13236	0	39097	24154	0
10	1306.7	248.7	0	0	4119	72378	60480	17554	18804	28714
11	769.2	1051.5	15544	0	49982	0	56600	40713	3372	0
12	979.7	385.3	57559	20241	28564	12804	25101	17743	0	38221
13	820.8	1059.5	0	68781	23775	20237	0	48391	0	37651
14	1080.8	799.9	1888	70355	10995	45088	55258	55195	0	0
15	369.6	326.5	0	0	27959	61267	0	58320	0	33472
16	614.3	825.8	23318	13244	8077	64109	0	30269	50289	0
17	1104.1	261	24669	40091	0	0	28334	0	68936	37622
18	93.6	1336.7	0	24020	37553	42978	0	0	31217	60808
19	310.5	978.3	0	49797	2008	711	39802	0	0	0
20	1260.3	141.2	4137	0	46227	0	53256	5898	30062	0
21	769.8	872.8	0	34635	31532	28023	0	18286	62187	61520
22	1167.4	480.7	0	2778	74402	5557	0	73796	0	0
23	69.8	794.3	63754	24414	10032	71499	0	9962	63294	29387
24	1038.1	778.8	21782	0	0	61455	68056	44544	15563	0
25	553.4	180.2	870	3565	68643	18420	15326	71913	41502	0
26	310.5	752.1	26788	0	65173	0	74096	64024	21766	2446
27	227.4	708.4	40599	55090	33929	42549	62149	60522	43499	51852
28	1173.9	195	39620	71737	60383	0	0	0	40004	28471
29	1061.3	1146	64107	8344	10502	61953	29236	0	0	44719
30	499.5	1479.5	39049	70709	20757	17941	0	50554	0	0
31	253.2	659.3	35353	5569	0	0	52599	47794	24853	0
32	837.2	849.8	0	70042	0	0	0	38773	0	0
33	1156.6	697.2	13844	25461	0	41042	0	0	11861	0
34	1082.7	807	63917	0	58602	66817	25683	59416	6822	35934
35	839.2	1317.2	0	20390	0	71329	0	51920	0	0
36	1288.2	134.5	25964	11396	0	0	16235	5074	72948	26454
37	291.4	140.7	68628	47449	0	0	53476	12758	0	0
38	410.6	1037.1	30839	16965	35952	15772	21830	49979	62726	24252
39	957.6	939.2	0	0	54269	71038	8593	44731	45175	32830
40	1365.7	1061.6	56222	22337	70809	9170	35266	17113	45865	0
41	559.4	244.2	26422	37730	0	39953	24192	7743	46160	27949
42	1190.8	1115	32690	0	1502	0	43393	60959	57445	0
43	129.4	885	55407	44787	0	24220	46849	70975	41583	26862
44	23.5	132.7	34292	52288	4164	68976	69406	43225	10553	0
45	1.3	1443.6	58328	9527	72752	0	67570	44250	67348	12620
46	116.9	1320.1	0	1009	20620	51535	74876	53937	53924	0
47	544.2	463.2	47683	38347	10191	55695	71060	62558	5664	71899
48	361.9	1002.6	44536	66078	18927	22363	69781	0	37831	47846
49	1263.1	1275.1	0	9732	0	0	0	48586	0	23514
50	1225	1482.4	39343	0	17219	0	0	3352	7062	63982
51	1336.9	238.3	44836	0	28865	55632	58039	37679	0	35790
52	590	1430.3	28574	0	36314	0	0	66338	33228	21916
53	1120.4	809.8	42972	26741	12732	61460	0	0	35181	67043
54	18.2	1167.1	20931	10869	0	0	0	37744	26841	41369
55	863.6	609.6	50420	24300	0	30141	38718	40740	39338	73928
56	1007.9	166.5	0	18660	60616	57391	49932	61416	15179	39866
57	14	1400.3	0	19985	38699	70204	0	0	28780	63960
58	559.2	436.5	48962	11250	34298	52195	39825	30299	0	13757
59	1439.7	845.9	0	57015	62862	38967	44383	61518	0	73619
60	181.7	549.2	62030	1737	73755	0	64317	31893	64017	6695
61	496.7	1397.2	13392	42943	0	0	0	0	23254	0
62	131.9	511	9028	7399	53678	0	21784	25318	69294	26513
63	293	640.8	73001	0	0	41780	0	65658	47471	66115
64	989	1196.9	8617	0	31912	0	0	0	49000	55637
65	382.2	251.5	19306	36245	0	63402	19660	0	0	27425
66	325.7	980.7	37717	22662	6121	0	0	49943	48309	56563
67	1317.3	405.1	69945	0	0	56250	0	6328	39970	0
68	78.4	1490.4	8659	31717	21733	54716	68291	38431	0	22515
69	1218	450	7270	47265	5989	0	34316	0	0	0
70	207	786	25210	41300	51783	0	0	3576	36647	0
71	1216.2	81.4	14611	47379	1746	0	24459	0	61040	7219
72	345.9	1144.6	65124	0	0	35987	4113	21035	21862	0
73	672.8	89.3	0	0	41292	53951	13475	36379	21842	0
74	642.7	161.2	55154	60879	4606	55013	0	58676	14472	53094
75	435.1	731.9	34463	0	0	1377	52071	65203	34305	20545
76	302.5	581.8	10356	0	3023	71878	71151	0	72705	0
77	641.2	815.5	0	0	54488	10856	7767	0	18299	0
78	1443.8	280.5	35009	21792	43130	0	13450	14723	49561	0
79	437	950.8	68179	22940	35056	64103	45870	42132	0	62495
80	968.3	889.3	0	37941	0	18292	5753	3818	0	0
81	1243.3	1241.4	15574	39598	44180	9901	63807	52429	0	0
82	866.7	1175.2	20760	0	71187	22688	1791	62077	0	0
83	281.7	820.1	3567	4033	53805	0	45421	0	49470	42646
84	495.9	285.7	69113	56650	69376	64965	0	30265	17552	0
85	180.8	1252.5	57111	10860	0	0	12069	0	13741	10492
86	1287.4	588.5	0	52693	0	47623	0	58864	0	0
87	48.1	1155	38813	0	26070	34611	0	51206	26883	17879
88	913.7	463.7	13729	1967	64565	52777	58493	0	74205	0
89	1198.4	715.8	42317	0	30625	0	38790	0	18069	0
90	431.8	1066.3	36591	0	12965	0	0	64991	68761	72964
91	424.1	815.5	33642	46499	53803	22252	4019	68545	20552	62532
92	39.3	183.7	0	0	14945	0	24397	4954	0	18360
93	409.9	544.8	22837	4535	36043	45206	0	10338	0	0
94	411.2	160.7	38941	0	57681	22545	0	0	0	0
95	1430.4	1414.4	0	0	67876	25052	56809	47534	0	27754
96	1326.2	939.4	0	30961	38878	0	34497	0	0	74616
97	1136.9	1292	25524	17265	41628	0	47992	63888	11123	24856
98	332.6	1309.4	0	0	0	48635	0	27042	51521	39438
99	559.5	736.8	67277	10227	21959	53179	0	28334	2352	6944
100	624.4	1208.8	19776	14946	19045	67139	10358	6313	46599	71094
101	1160	416.4	0	0	0	27068	53321	23021	0	50610
102	118.7	148.3	26204	39709	20172	0	53439	54703	0	3211
103	1013.9	1197.9	4780	4663	38986	32963	0	0	16813	0
104	184	604.9	60397	0	25031	0	0	56736	16334	20241
105	805.6	525.5	0	46507	0	65939	0	615	0	0
106	543.7	1209.4	19534	0	0	18794	52098	0	11063	8428
107	502.8	430.5	59427	0	21017	5653	48995	0	26039	50638
108	287.4	1246.4	57434	56928	46312	0	62410	0	31573	0
109	602	790.4	3961	0	0	2116	57667	0	58789	0
110	565.2	616.9	66843	0	0	36032	42620	38821	14855	0
111	280.1	1339.8	40688	0	74370	11347	0	0	54570	0
112	911.3	1264	6304	69353	61797	26165	46768	73780	71091	0
113	1357	1476.6	6088	0	0	64506	0	47602	27039	50423
114	886.5	916.3	70085	58649	0	0	9094	37531	39738	20053
115	1223.3	1048.9	0	59117	68800	0	32220	4273	0	0
116	1431.6	1159.5	25539	53710	0	40490	853	0	49428	57537
117	1354.8	903.6	0	60467	65254	21218	0	0	0	45142
118	805.9	668.3	21311	7337	0	0	20346	47537	1096	70148
119	372.8	1001.1	31138	18269	73571	0	63259	64736	17468	37130
120	860.7	133	0	45092	0	32691	13369	0	6710	73040
121	1366.4	290.3	56605	0	0	13705	28229	54271	71823	2825
122	294.9	837.2	0	51575	6440	19271	69052	33344	6309	42310
123	525.1	740.4	1476	62330	74720	28347	12872	21981	0	62493
124	1319.7	208.1	32785	26068	549	9256	11875	12020	64465	21093
125	905.4	558.2	0	38573	63397	15253	0	26299	62426	74126
126	773.6	596.2	0	70083	26583	51438	0	0	30570	10301
127	821.9	667.1	4883	18864	6072	0	0	0	6657	67773
128	738	999.8	18156	54736	13229	4123	32049	20903	0	59151
129	1289	1178.5	0	56123	9429	43303	0	12450	19569	0
130	363	1409.6	47796	0	27580	15313	3184	0	61978	74459
131	1478	1171.5	33041	10117	63395	52585	18806	0	0	20712
132	1414.4	656.1	10506	0	15222	61981	69426	56248	63285	59146
133	1467.9	1452.4	0	32441	35865	17090	0	67485	0	0
134	209.1	496.6	23497	56596	70597	5053	0	55645	0	11177
135	1461.9	1304.3	46545	0	71990	38609	43647	13458	0	27884
136	475.7	116.9	51096	51938	0	0	46992	516	3891	48339
137	1071.5	1427.4	17703	34862	47127	0	37327	23628	35552	17543
138	357.3	45.6	6520	0	0	0	61614	61275	34108	0
139	89.4	648.8	0	35822	5749	3748	0	53910	11903	61009
140	1133.7	504	0	25888	0	15133	51598	48873	4055	33688
141	1082.3	1265.5	37805	55772	23621	0	0	24038	44646	63986
142	1287.9	496.1	57602	73699	58796	45756	61279	62255	30455	26510
143	1108.8	912.9	36598	72756	0	34193	55259	0	47665	15120
144	168.2	1332.2	0	9593	34181	43412	21185	69593	6933	0
145	465	468.4	0	0	54960	61723	0	68054	2447	0
146	530.4	1073.6	5617	0	16131	60626	48578	5251	0	52732
147	364.3	1238	13499	0	18462	9341	27789	71816	26634	0
148	1170.4	293	0	44693	0	0	19847	24290	49716	0
149	38.2	1384.3	0	48692	0	57578	10200	71457	0	51115
150	741.7	686.9	71250	74286	2259	60463	33498	37952	40597	12601
151	861.5	589.1	2371	24953	49012	26970	28357	64225	68549	69084
