# 98f22785-d70d-4c3b-a46d-96ac6553af5b
11	9	5	110	44
0.0	79.7	23.7	167.9	190.3	192.7	39.5	110.4	175.4	166.1	171.4
87.7	0.0	151.1	145.5	164.8	190.9	190.4	156.2	160.0	27.5	30.4
49.2	19.3	0.0	108.6	28.7	192.4	23.0	66.6	172.4	107.4	58.5
74.7	167.8	190.2	0.0	133.5	83.7	142.0	10.3	116.3	130.0	179.5
79.6	179.3	162.1	96.8	0.0	108.1	83.6	179.6	100.3	97.4	38.7
99.0	76.6	185.3	127.6	150.6	0.0	181.0	72.5	93.5	125.7	35.4
141.9	133.5	197.7	166.4	165.6	187.1	0.0	99.5	150.5	198.0	125.0
11.6	45.4	140.1	52.7	141.0	126.8	159.1	0.0	18.1	37.6	126.3
195.9	64.8	149.8	84.2	199.8	159.5	15.8	176.1	0.0	145.4	181.9
15.1	142.1	114.1	28.8	170.9	90.6	194.6	120.8	35.9	0.0	47.8
137.5	62.2	77.7	117.9	135.6	27.9	47.6	19.3	188.1	145.8	0.0
1	71996	3	7
2	16040	3	8
3	30060	3	10
4	32114	2	5
5	53524	1	5
6	28501	2	7
7	66079	4	4
8	61405	2	2
9	77773	1	9
10	13399	4	7
11	19560	3	8
12	12678	5	5
13	57881	1	6
14	36100	3	7
15	57086	2	3
16	32754	3	8
17	42929	2	7
18	21018	3	8
19	48568	2	9
20	27457	4	3
21	28691	4	10
22	70930	2	1
23	72408	4	8
24	62503	3	11
25	23124	2	10
26	78267	2	6
27	26305	3	8
28	49198	5	5
29	41546	3	5
30	41690	1	4
31	22511	1	4
32	51297	2	5
33	18779	2	7
34	76922	5	2
35	11114	3	7
36	46027	2	9
37	25750	1	9
38	56163	1	4
39	41623	2	2
40	49718	2	6
41	55624	5	6
42	41244	1	3
43	30654	2	4
44	53558	1	2
1	1317.1	421.4	474513	643430	677907	556901	693979	678329	742710	614024	555476	566756	589513
2	155	120.1	469902	486184	876788	448566	528085	471494	660008	658481	616028	691399	524248
3	580.6	235.7	743352	633345	491826	503778	593301	733801	566257	613786	540842	600121	623632
4	1416.7	918.7	843298	438397	739303	389436	424648	531685	598353	633568	594606	413344	691063
5	293.4	192.1	525218	457107	795496	708347	648547	702430	884427	583623	631414	475528	508653
6	1203.9	1057.1	777834	765515	741709	392851	659376	787085	481331	413167	770310	470839	588669
7	326.7	555.3	619333	741191	626873	525632	715121	512698	736625	576739	648493	538426	423531
8	1333.1	762.2	706673	407996	745143	540236	788314	612624	646757	560623	637423	713002	479039
9	951.4	1221.1	696961	673507	549757	426247	562917	823708	757995	609010	592810	580582	581803
1	1491.6	1381.5
2	1127.3	802.1
3	1427.7	351.1
4	597.3	914.9
5	603.3	404.1
1	593.1	532.4	43643	6657	35786	42809	8515	20110	43176	20263	0	0	4223
2	106.8	747	0	0	15990	0	0	0	66909	0	26101	14573	40443
3	253.4	38.3	65958	55397	68330	0	37709	0	60603	20797	3650	0	14996
4	1339.2	217.2	72920	25115	68943	2030	66636	22736	0	30565	15799	69672	0
5	1165.4	402.3	0	55390	0	0	4369	42346	0	28048	38576	29232	37259
6	1140.9	1338.8	0	5016	67592	12040	9859	67331	0	1557	48835	73063	41682
7	1153.4	1409.6	0	0	36068	70803	0	24927	26647	0	25151	71016	59521
8	671.3	487.1	71884	0	74312	43856	0	29593	13699	0	6346	32888	45106
9	1208.2	510.4	0	40131	66156	0	8699	42012	66056	69037	0	45394	21651
10	203.6	1159	20915	73968	37801	17912	0	10825	4335	19828	17267	27039	6916
11	952.4	360.5	14634	58617	0	0	0	70090	0	0	56827	51483	0
12	612.4	588.8	14858	10076	5048	0	3014	32159	63775	38041	4816	0	0
13	573.3	361.2	36004	15352	6118	26253	0	9143	64097	0	65133	0	48689
14	1370.1	655.4	0	0	40747	15414	72649	19372	18782	0	18694	49640	58943
15	419.3	74.4	0	58878	57662	0	40674	2952	44956	46316	19887	14322	0
16	385	90.5	0	55214	65704	0	32642	0	41915	0	66811	0	18997
17	1240.9	115.5	0	36253	55029	0	0	31882	44675	1691	8185	63297	0
18	277.3	386.4	72258	64706	0	0	38492	39429	42748	5080	41998	42116	65248
19	940.1	220.6	34711	34719	35907	47619	15471	7704	72766	46782	0	0	0
20	537.2	1246.2	53032	20831	47460	0	62423	6692	41510	0	12712	0	7274
21	1042	1422.8	0	47133	0	33393	0	44242	73966	0	63416	63097	35770
22	80.2	53.7	10713	60638	4510	0	38194	0	56979	29319	53220	67197	12001
23	830.5	1287.2	53631	18826	0	45919	0	70244	63547	69367	16368	51430	14711
24	998.9	1019.2	56974	20023	34862	0	0	57669	73904	0	19313	48666	47125
25	156.1	1328.2	55486	0	0	0	49690	0	0	18209	4600	7777	55557
26	400.3	551.2	11786	33589	0	5749	0	0	0	45095	47704	12988	27200
27	1006.8	1031.6	0	36879	16856	64338	64701	31735	22962	3642	32591	31589	0
28	1270.6	397.4	16007	56585	27246	18257	39764	0	27809	57769	0	22063	0
29	553.2	902.3	41433	50027	35442	0	41693	70691	0	0	0	22045	70723
30	287.5	771.7	55581	8583	50854	72469	0	18099	45852	3477	46740	0	62494
31	1133.5	1203.9	1458	68874	42779	0	0	0	0	0	17790	0	20971
32	1429.7	192.2	55858	27565	38947	45955	65358	30438	64549	59074	0	66272	51150
33	598.2	1419.6	17064	0	30248	0	70585	9085	0	19886	0	0	20242
34	1493.6	771.1	15439	12579	61532	0	0	18384	45263	34882	0	0	0
35	71.1	471.2	35318	0	21020	23480	22794	17723	33754	17027	64532	0	53754
36	1132.6	1260	1743	17815	0	68823	32666	17024	70822	0	0	10559	42140
37	56.4	926.8	0	36490	33730	16756	35438	35924	0	48860	0	11937	11067
38	438.1	912.8	0	47486	47842	0	53292	41019	48053	30792	62292	65584	0
39	1102.4	751.2	4010	0	35958	34857	33571	71132	53312	64439	57076	0	26430
40	1366.4	53.4	61257	12724	6980	1149	0	0	29094	15484	68283	0	0
41	295.8	224.6	73608	0	71601	0	58208	0	62312	18967	60618	0	48520
42	1302.8	926.7	0	0	32479	70276	0	15294	69281	6972	31842	14794	32890
43	192	425.3	61159	53757	0	45804	33356	3337	73607	36833	9312	1819	41129
44	1498.1	100	0	69468	18062	29297	45769	52279	1288	9200	33877	28272	0
45	602.1	957.3	66947	32012	0	55201	0	67748	55330	68426	47347	47509	48886
46	119.7	54.3	59176	0	41246	43781	48482	0	63014	14989	0	52496	19398
47	1225.2	204.8	0	0	0	52996	0	20163	71780	0	32628	67827	48242
48	1246.1	1343.4	40174	31748	0	56425	0	74956	22910	15046	42053	9764	0
49	892.1	626.7	15510	0	54897	0	0	68704	25264	63844	15830	11197	0
50	1490	605.1	42166	46990	48901	15784	43931	69047	54333	0	74292	40370	7650
51	1219.8	1209.7	45127	8568	57154	54075	66136	0	32214	0	16861	38671	10797
52	1347.4	906.8	2543	41649	37438	73758	16181	53634	0	73892	0	25563	33756
53	1330.9	1313.7	25900	0	67339	71153	59029	43743	0	73130	41447	51064	54721
54	803.5	40.6	54987	55887	27576	0	0	31934	5694	56475	0	0	44079
55	1152.2	1422	0	66574	7438	0	18972	63335	48323	0	0	69155	0
56	961.7	910.6	0	13448	69118	39426	29386	27855	0	0	48599	42435	10022
57	1341.3	1106	70051	6053	0	12730	22491	3357	0	13809	47223	26424	0
58	443.3	865.8	63957	67925	23918	50634	0	10713	0	0	0	67126	0
59	271.6	642.7	57421	34449	0	43634	48463	58257	12784	0	14464	0	0
60	847	542.5	49816	65877	3794	0	1451	38914	68451	42619	37042	16636	0
61	1136	885.8	17072	39154	0	16620	0	72376	43935	66565	38315	62137	0
62	1086	1228.8	55587	60323	0	0	52749	71186	36987	60800	67027	73571	0
63	925.6	576.2	73519	0	0	10829	19875	73762	0	52579	1980	55988	9876
64	1368.5	1311.9	0	28989	43618	4751	74030	31692	0	68249	23916	0	13810
65	428.8	1487	0	0	51242	0	3495	16329	0	22435	30500	24624	0
66	478.4	1364.3	42500	21008	18829	54800	36192	19731	0	3020	35618	29839	13197
67	79.2	1298.4	0	3089	71889	39411	46396	16042	32625	62742	67631	0	34074
68	1158.9	284.7	18672	17547	17946	12716	24817	56448	0	44864	72062	0	1368
69	375.8	446.4	29358	72030	0	24133	0	36311	37951	59181	45822	53743	6856
70	1371	1265.3	11995	0	0	11241	0	46909	38653	0	43996	65708	25747
71	37.9	446.4	0	71615	0	18224	9775	0	17888	26889	60267	48622	0
72	1337	1375.7	31802	26529	56425	45588	0	59814	60400	26597	40195	30197	0
73	282.1	815.3	43534	59104	56001	70772	70872	0	0	30485	29764	0	0
74	376.4	1263.6	56739	0	51500	7449	12690	64727	45373	1381	44646	29869	47035
75	475.2	1397.6	73964	21132	29188	29987	2615	47674	10410	0	70791	11286	16722
76	978.2	596.3	0	0	74296	21352	43708	0	66952	0	5038	0	74054
77	1153.2	1325.4	1734	0	540	62709	68138	7463	659	12655	24509	0	0
78	583.8	579.4	682	25380	0	51307	52987	9382	0	36231	36036	0	63117
79	1411	208.2	44529	68197	51968	0	6387	31093	47728	66302	4545	0	28313
80	1134	940.3	21825	28496	0	60044	30743	49872	31847	62186	58524	38225	4826
81	996.1	1453.2	25659	27496	0	0	0	49336	0	0	52825	4850	38585
82	1249.5	1041	0	0	35711	23199	37389	0	0	27134	71233	0	59358
83	1273.6	154.9	45082	41110	34769	56143	0	53517	0	0	24826	40991	25255
84	908.1	578.6	0	23864	67646	0	49320	29741	0	0	0	23860	0
85	784.2	205.9	25879	0	52052	52549	21895	41736	0	29108	48355	41246	5381
86	1112.3	602.4	9184	0	72765	0	70454	12988	33311	17833	62036	0	48838
87	472	1405.5	3379	45735	56485	4934	0	0	0	32677	26002	0	0
88	1105	139.1	0	0	0	64315	49005	49711	62085	58457	54917	17821	15503
89	838.5	82.8	73284	69163	70227	31541	64749	0	39592	11838	0	0	73713
90	787.3	698.4	69145	0	28764	40198	68942	0	37346	0	57522	54054	45940
91	530.3	1427.9	64990	0	16095	69638	52551	43392	52698	57014	688	0	12677
92	1187.9	1385.2	0	43436	9265	0	0	29021	64079	0	0	19777	63030
93	1397.8	1044	0	0	0	3720	5464	57573	62753	37851	17305	42611	22396
94	765.2	30	0	39831	0	37818	12927	0	55904	57113	74221	60563	32793
95	1181.5	1415.3	31103	0	41045	0	41370	56519	0	0	27241	65016	74767
96	150.9	914	71075	67661	58315	63670	55616	9772	70045	32013	0	31549	1939
97	1078.6	1027.5	26863	0	0	52235	49541	7864	54070	65321	7901	33226	0
98	1238.8	1244	0	0	0	0	52036	28936	47297	0	13773	58337	0
99	157.1	721.9	66563	0	17980	7184	55473	21058	50871	3762	58441	0	62015
100	1321.9	1137.4	67504	68248	60927	70543	60441	68402	42301	67622	62318	71407	70646
101	348.9	418.4	66586	73173	65727	52515	26696	0	0	2596	19079	0	60547
102	1451.6	631.5	29534	63667	0	12852	40769	0	28643	63097	0	22811	0
103	1437.3	15.2	38163	0	8581	0	2646	0	0	0	1617	44104	67741
104	791.8	1277.1	20840	6029	43669	0	0	19742	15871	13374	0	21608	46154
105	1493.3	890.9	16017	5882	899	0	0	31961	13408	0	0	55834	0
106	198.6	857.7	35249	71237	67961	10555	56978	41687	20275	0	0	43666	42080
107	444.7	637.7	62834	0	35624	0	54320	12949	0	0	55684	74474	0
108	1055.4	229.5	27752	52532	31461	0	0	26612	9407	0	1299	41540	73750
109	509.8	725.6	44124	0	20782	8998	61113	47850	40084	27728	0	9548	0
110	493.9	274.9	54962	21232	66475	57010	0	27464	11661	63526	30925	0	0
