# 3f59a802-3781-4651-82cb-79e4c0c8ce24
12	9	5	125	33
0.0	57.3	164.0	123.6	121.4	21.5	36.6	192.1	36.6	177.9	148.5	47.6
52.2	0.0	75.0	147.3	38.7	168.1	20.5	192.4	49.4	196.8	65.4	42.3
70.7	41.4	0.0	90.5	155.0	44.1	40.7	137.8	117.6	168.3	174.5	178.7
60.6	51.1	67.4	0.0	84.7	29.7	173.3	168.5	142.7	106.6	50.8	195.4
99.1	174.7	106.4	115.8	0.0	56.4	27.4	37.2	197.8	190.4	71.9	138.4
198.2	188.6	50.0	128.9	180.8	0.0	138.1	141.3	137.9	155.7	46.9	153.4
102.9	165.0	35.2	126.2	94.1	131.8	0.0	79.5	126.8	51.5	140.4	91.4
74.2	199.9	29.2	78.2	170.1	178.1	36.6	0.0	14.1	88.2	190.1	75.0
126.2	125.6	85.8	17.0	32.4	160.6	117.0	174.3	0.0	191.5	81.4	72.3
82.8	144.2	72.4	103.3	116.4	165.1	42.3	113.4	83.4	0.0	87.1	193.8
61.9	92.0	93.1	51.1	169.7	25.1	132.9	109.6	26.2	34.5	0.0	175.1
15.7	186.2	134.3	144.5	12.3	61.1	178.6	194.4	119.1	21.2	71.3	0.0
1	55722	3	6
2	79468	5	12
3	46150	2	12
4	72392	2	4
5	58511	5	8
6	28094	3	5
7	39890	3	11
8	10956	5	2
9	23538	2	7
10	44561	1	10
11	29679	1	2
12	50535	1	8
13	68461	5	6
14	11390	5	2
15	60941	5	8
16	37606	5	10
17	75989	1	3
18	35897	5	6
19	28093	3	5
20	21971	1	6
21	64718	4	11
22	42879	4	12
23	66029	4	4
24	32036	5	9
25	44314	2	2
26	36735	4	4
27	73826	1	7
28	33429	2	7
29	29005	4	9
30	25082	5	11
31	71329	4	10
32	54715	5	11
33	25280	4	10
1	1396	1376.8	709279	539173	840181	848549	707545	640405	920887	715340	869626	731866	812850	608259
2	1422.8	1443.4	616914	853220	742058	595761	477270	596695	571807	524881	527813	493717	688805	436424
3	950.5	1442.4	803832	450565	722651	780094	523994	419028	514642	762283	780769	790813	489880	450987
4	1051.3	1008.6	531511	605814	845020	640902	562479	633186	595706	517331	878192	521048	683923	470932
5	92.6	72	534000	797793	466765	754924	517377	479608	693663	639804	477546	659132	677661	490509
6	333.7	715.3	768028	600043	732357	761810	623316	781365	929221	664750	880640	553143	869986	472585
7	58	1006	910900	775529	592900	900089	791042	530000	537598	481755	831027	795951	739002	578749
8	648.9	1079.7	918114	691766	559750	758387	666315	590308	860206	788846	877658	464002	672459	407532
9	7.8	424.2	746360	527192	546611	900203	568004	434897	881648	682554	884038	524191	680406	516406
1	663.2	229.2
2	771.1	660.4
3	389.7	1232.2
4	200.6	1123.4
5	1222.6	233.2
1	570.5	441.6	0	61776	32636	0	20305	2599	34261	48654	0	0	23104	63200
2	1233.4	376.1	33147	28391	0	52488	30557	36655	45303	30033	32937	44785	0	43983
3	1141.8	1494.1	29333	61928	50853	64658	71925	0	62213	33252	28065	5019	26798	6551
4	23.9	1241.8	45839	67351	32254	0	17938	0	59374	60430	25267	54474	15892	29487
5	1367.3	279.4	66704	18143	52700	56471	18912	11477	5895	16762	9943	11924	20737	0
6	639.6	239.3	0	18301	57172	64280	36645	19520	0	0	19064	11008	16464	59777
7	788.1	1359.4	42876	40151	62720	29658	44648	38373	0	21239	61365	22624	12665	0
8	316.9	357	24940	0	66347	0	22842	72166	25769	36431	54864	23725	49863	12928
9	499.7	881.8	55538	0	4204	50494	47718	0	0	70003	23581	34394	16710	0
10	346.3	663.1	53984	5234	6019	33070	0	0	0	0	0	5214	0	0
11	1022.1	191.5	10108	24581	0	37624	0	41925	21018	54069	36751	30086	0	5931
12	583.4	866.4	0	33493	13987	31697	50673	2421	33562	0	0	0	56578	62233
13	1366	919.7	4666	0	37802	66208	0	20959	74837	0	52296	45857	0	48010
14	257.2	809.6	0	0	19048	0	40190	21171	31846	18219	70861	46835	0	0
15	776.7	946.5	0	0	48073	65778	27590	0	0	0	0	0	40543	65312
16	417.8	636.8	11982	50950	2274	1466	60611	61832	0	38046	0	0	18994	53691
17	1131.9	173.4	0	0	46573	34993	0	0	11581	51853	46110	71278	11554	0
18	414.9	417.8	33959	42465	0	0	34452	7531	48720	0	49905	25478	30384	0
19	1023.5	871.8	0	62339	57639	27445	40362	0	39442	30763	0	70371	0	0
20	722	793.4	13400	11273	34148	0	16762	36797	0	1490	43550	0	21585	0
21	807.9	43	31788	0	31413	64928	53320	0	57243	0	43079	0	72186	10221
22	1115.4	424.1	49667	46406	14699	0	44292	0	59908	0	58125	678	47424	20571
23	859.6	803.4	0	0	0	9807	0	38274	32854	0	14857	23075	37553	46125
24	60.1	835.2	5938	5272	32706	67658	0	0	0	63710	24661	0	14958	60652
25	139.2	249.4	59045	61804	57663	41183	24816	0	29179	63677	57244	0	48543	24443
26	333.3	894.9	10611	14421	50980	20314	0	0	22352	0	42014	49134	21645	42563
27	106.3	960.7	3346	51711	0	0	0	0	0	0	58707	13268	28106	44278
28	1464.4	1313.9	0	0	48475	50646	0	74050	59412	17108	0	0	6112	0
29	440.5	1313.4	0	14191	0	26812	47674	50863	58217	42569	71554	0	3367	0
30	308.6	1192	0	13849	40953	7286	0	0	0	24542	31161	0	47086	942
31	1156.5	1168.9	0	13354	0	0	0	0	25830	0	0	8769	56153	0
32	1348.7	392.7	47038	0	0	0	0	33408	0	0	4191	15940	65070	23394
33	1279.2	376.3	61361	48291	48079	3098	24320	0	54010	19879	23386	45145	0	19611
34	11.1	888	0	43214	59338	15525	74906	0	69358	23244	16506	0	61441	21412
35	1341.2	1359.1	0	65850	45670	0	65628	66346	0	0	34162	0	7326	26918
36	28.5	963.6	30030	46783	54146	67767	0	57121	8179	23592	74287	66913	2638	0
37	272.3	402.9	43167	0	0	0	12902	57568	9254	0	63058	39975	1509	0
38	1060.1	1152.2	29156	0	0	72207	0	0	73010	65244	48234	0	0	0
39	875.7	1431.4	59293	2234	0	2432	0	41234	46349	25557	0	23389	53052	16928
40	696.4	505.8	0	64357	13171	63348	0	42485	45489	51504	0	0	10684	0
41	1035	668	22712	44653	5600	68355	27298	63607	59573	0	56014	0	38950	56900
42	1424.1	945.3	51423	31589	7440	19354	0	27776	7054	63811	23246	15142	34768	32521
43	939	243.6	8189	19549	0	0	45632	48362	64324	3293	3249	0	48855	0
44	155.6	923.4	0	1964	47783	38110	29211	14091	0	16567	0	36785	53841	0
45	939.4	535.5	70235	71753	28723	0	0	0	563	7205	0	16223	56564	27889
46	1354.4	320.4	0	28848	48531	38178	2951	41854	58328	11883	0	0	46479	0
47	873.7	389.9	0	0	3269	49878	0	63051	68480	27036	62328	45293	62934	31779
48	133.3	872.4	0	57678	6449	74934	64784	8850	27418	54273	63320	59919	46014	20452
49	947.9	1315.2	0	33452	0	56884	0	13591	23876	0	10744	0	25713	0
50	1056.3	806.4	33638	55067	10069	0	53719	57511	9698	57559	0	7469	33406	54340
51	757.4	1201.7	53274	0	55259	65458	68825	0	0	20371	18714	72853	67295	21139
52	1218.4	888.4	0	41467	23185	38694	0	0	0	0	49559	71592	22704	0
53	1086.6	121.2	34833	33722	24139	41826	20222	4938	0	14639	0	51225	0	0
54	658.2	646.9	71074	0	3001	19234	44213	40994	61857	23445	3859	14588	24905	68252
55	290.7	1263.2	47713	30909	22729	9435	71863	47587	58936	46839	13922	0	69941	0
56	1099.9	697	14495	0	0	12718	0	31211	23127	20489	66658	39692	24859	60255
57	145.8	213.3	51293	0	0	54258	74080	59941	56437	17700	0	18723	47363	53777
58	90.6	1430.8	57345	40738	56943	62101	54000	50940	0	50977	0	61090	21703	9945
59	1060.9	109.7	1793	27996	32439	43825	0	35997	32969	65708	49389	0	0	0
60	1201.6	1311.4	50568	63217	67246	0	0	0	22460	40680	57550	28549	47876	10817
61	1125	1146.1	31277	3458	71336	74127	33475	34091	58795	15165	0	6937	54333	0
62	1082.9	956	24944	25728	56565	45198	0	0	14454	0	58919	45714	72562	44014
63	626.5	713.6	0	2898	32161	0	6254	62601	53395	17553	37542	63903	0	0
64	1146.8	468.6	24360	0	55357	1632	0	24333	0	0	13752	13624	7473	0
65	539.1	1064	8465	10228	27688	13138	0	18420	73450	0	19178	56717	0	4273
66	799.9	1251.3	0	6788	37131	0	0	17848	0	45295	30060	7206	21815	17231
67	567.9	118.4	0	0	0	0	8313	47559	0	0	0	63033	48661	2231
68	160.9	339.9	0	26720	0	9155	30987	66483	22348	9105	0	70422	52181	15048
69	1096.7	524.3	0	0	41926	0	31621	32125	0	15295	0	71781	3558	67535
70	306.3	911.3	0	0	44280	982	0	43279	50174	65786	61819	44752	29642	0
71	279.4	185.2	45716	0	25415	1332	35195	10334	40721	0	32034	26227	49544	48462
72	1260.1	124.3	52746	0	19256	0	0	0	58496	0	5653	30644	18227	50006
73	657.9	1092.1	50427	0	43005	21383	44192	0	37649	39127	0	0	8878	32838
74	645.3	1257.5	0	46057	49470	31092	63522	0	1436	63801	0	34613	1877	0
75	713.7	533.8	74008	50684	0	0	59173	57480	0	0	55780	23950	34073	0
76	230.6	565	54686	33437	73178	63836	0	0	0	42283	52532	11500	0	938
77	326	1467.1	45418	67844	0	21598	50555	0	10830	16404	70494	64456	24131	0
78	475.5	905.9	47492	24041	6454	7068	58437	59225	42647	27494	19733	0	18781	0
79	703.2	1258.4	72480	61162	60991	0	40648	0	4517	23389	51982	28809	72939	24838
80	339.1	775.2	70661	39949	0	0	70496	0	0	0	41101	0	50145	7937
81	1072.9	67.3	0	0	74374	0	72842	60576	0	36394	33532	20139	14475	11088
82	624.1	1382.8	0	61111	0	37750	0	0	0	15820	38112	30893	18878	57951
83	1189.7	1330.8	0	0	46854	0	66237	19828	73439	45212	51996	69918	31834	0
84	1402.4	961.6	14446	30820	69211	0	21842	3369	0	7074	44750	0	65643	36900
85	751.2	1460.7	63385	16696	0	7732	60287	15935	48065	0	0	47639	57880	67132
86	962.2	1284.8	19883	0	23952	12080	72674	32622	48786	46220	5087	29830	14089	59352
87	142.5	1229.5	68884	6681	28231	25006	0	0	0	35472	52127	8024	0	15504
88	257	420.8	33019	2058	23075	44780	2292	48105	14605	70393	0	25577	0	35346
89	704.2	1168.6	26883	46868	12250	16676	72562	0	53778	71101	0	6777	29935	0
90	1298.7	934	28336	0	0	35845	55949	8005	37785	0	28751	22173	50033	5895
91	342.8	143.6	65864	0	37522	38157	0	0	35960	13490	0	48186	18770	43561
92	636.9	32	55855	35873	41551	5148	58301	0	53676	0	29167	27662	0	32443
93	1100.9	1190.2	63056	47190	33017	25453	0	14784	0	0	30200	49626	41930	28694
94	24.5	470.5	67300	45674	0	60549	0	25553	22434	0	29972	0	31059	0
95	430.2	390.8	71200	33302	0	35941	0	19966	0	11045	0	0	64586	16464
96	1165	223.5	11865	43852	74386	0	64844	0	11693	19777	0	70199	41505	0
97	695	1292.1	61675	40001	40367	74147	0	22672	74036	43024	0	0	8693	6991
98	1377.2	1366.7	0	0	31129	63425	0	11522	39505	22755	72654	62541	45246	22404
99	463.2	1012.5	1634	60752	59934	0	55088	0	59252	15424	31884	0	0	0
100	1390.1	221.5	0	3271	67287	0	0	5741	0	53014	35029	0	58873	2441
101	539.2	31.1	57129	18176	6018	7762	56409	60298	1009	0	19942	25391	28338	48115
102	624.2	1316.4	64000	6341	43152	68377	40880	71170	57647	56832	60761	71506	71314	54055
103	500	1213	0	47942	0	0	54064	41434	61579	0	61261	22177	0	49829
104	74.5	368	74781	74201	32417	14099	66221	0	0	63735	51330	65345	68434	22277
105	929.4	1408.4	0	9899	0	70645	0	64995	0	44855	44779	0	6915	1647
106	500.3	1015.6	63566	65433	0	65908	0	60986	0	32593	47965	70937	39731	0
107	825.5	861.4	43832	0	0	37282	65232	55510	66260	0	13215	31760	59114	19138
108	1093.6	852.8	31205	52356	0	70117	39943	73708	59761	39414	48681	45035	0	12291
109	874.6	335.1	0	33428	0	54527	18138	61119	53105	43109	16323	50939	28965	57027
110	1461.5	146.2	13194	41285	1861	7564	0	71781	36199	9289	0	0	12270	9372
111	33.8	648.2	0	54431	0	7685	0	73973	47729	0	15194	14558	62454	43433
112	446.2	363	3742	31438	36293	70823	0	4504	41676	30474	64051	0	46113	60307
113	1182.3	935.5	6245	0	0	48905	0	42274	0	65799	2372	17500	6217	65326
114	750.3	869	44182	70547	0	0	15725	16788	39090	38780	44726	40470	35654	0
115	927.8	906.3	47326	33939	24828	62850	21214	71990	70882	57391	0	0	0	0
116	617.8	268.8	43688	17132	0	0	0	23289	0	0	27257	65287	0	42633
117	511.4	813.4	53048	66186	0	54616	0	28423	30414	1432	0	70858	30540	0
118	150.6	226.5	53305	39644	0	43333	35638	0	15705	70686	42453	40099	3067	52095
119	1021.6	225	68246	0	49139	0	0	36432	24176	43687	34053	55304	30892	32657
120	865.9	1166	40909	1434	1447	63677	15790	0	70471	0	0	54043	49402	0
121	153.6	985.6	17892	24270	10053	40610	0	0	71834	74434	0	72690	0	26638
122	412.6	98.2	63816	22385	9082	56903	57122	4937	0	0	24834	23008	0	17017
123	786	789.2	25318	36481	39503	49466	0	0	73023	54484	53622	5656	0	16723
124	98.5	581.3	0	21801	1302	17186	1886	0	10443	0	66628	0	0	0
125	891.4	733.1	72385	18190	47440	57991	14995	33481	0	0	10484	39820	7243	22331
