# 9cf87d2f-b875-4254-8a6c-ba331bd9523f
8	10	8	141	30
0.0	59.7	172.7	128.6	151.2	37.9	47.6	119.1
100.8	0.0	33.6	54.9	152.7	189.7	27.3	120.4
33.2	27.2	0.0	15.9	36.6	126.6	135.4	187.0
63.3	38.7	156.4	0.0	128.4	188.3	127.4	194.4
79.5	183.7	81.1	112.5	0.0	190.6	163.4	110.8
47.1	55.3	197.5	196.5	143.5	0.0	48.4	47.5
149.1	186.0	54.5	79.8	87.8	171.9	0.0	10.3
58.9	93.6	14.1	172.6	142.0	94.4	183.8	0.0
1	78827	6	4
2	34956	2	4
3	10173	4	7
4	23932	5	2
5	60566	3	2
6	70593	5	2
7	22851	5	5
8	32564	5	8
9	30645	8	2
10	46501	6	3
11	39764	3	6
12	65133	5	7
13	67046	7	5
14	53649	5	5
15	37981	7	3
16	14576	7	4
17	78899	4	3
18	61775	7	3
19	24166	2	8
20	77193	8	4
21	64565	5	6
22	61023	4	4
23	22343	6	4
24	25773	5	2
25	43331	1	5
26	48916	3	3
27	59870	6	1
28	14141	1	2
29	78288	6	8
30	70545	1	5
1	525	1066	660324	479909	783069	480434	486606	772278	496405	835254
2	745	196	472140	439574	718486	442293	763684	982528	892465	640679
3	1193	1156	789056	539637	554495	752579	616569	911853	575054	657785
4	159	1489	837881	500163	881958	802180	721634	547821	546713	823143
5	1070	46	446690	683792	794994	799886	483842	870288	673123	492010
6	80	1454	703637	738220	582319	556353	623691	499542	583817	617167
7	636	101	864869	650693	781258	601579	529361	585154	847724	758665
8	761	156	749002	791016	754319	720487	523549	761924	836318	846771
9	910	86	755785	532242	706752	816196	822670	512490	704772	831003
10	467	716	516094	414858	526282	820782	507780	943725	707069	780425
1.0	210.4	118.3
2.0	1036.5	482.5
3.0	482.9	609.6
4.0	323.5	1420.1
5.0	764.2	1326.2
6.0	329.2	594.6
7.0	1271.1	539.0
8.0	1097.0	322.9
1	688	1244	18045	1908	58722	31849	40286	25677	0	0
2	533	1458	70588	44205	0	41374	57585	61353	31684	0
3	854	194	62894	11386	55107	31620	0	0	0	0
4	66	940	16121	23810	28915	47353	0	70577	0	33555
5	372	1098	41499	0	33980	2181	32214	64374	68756	40842
6	1097	116	0	73518	3758	12055	0	26564	0	0
7	806	485	54355	48404	0	3352	3784	52322	72905	29914
8	588	834	9072	50784	5646	52225	0	60387	0	0
9	1081	1383	0	52253	71342	0	33842	16339	10475	0
10	1324	1361	52746	11130	55566	0	58667	53576	0	71183
11	4	28	26444	0	0	0	11164	43687	0	0
12	636	1175	67647	26403	0	53345	0	1986	62332	0
13	274	952	0	69160	0	39458	20825	56150	0	67089
14	1216	515	19281	0	36967	72080	36041	19959	0	0
15	1414	786	22376	47910	23735	0	0	67002	63832	0
16	796	1014	18172	0	59936	62792	66208	28879	0	34945
17	368	1002	9097	15424	0	60250	69163	13404	11315	0
18	554	955	30853	7560	51340	0	18945	74584	0	0
19	1142	1068	0	0	4717	0	52247	56577	19778	21091
20	1221	627	3715	32212	12078	0	0	53875	0	73587
21	1452	1353	20683	20934	0	57527	2444	0	55441	0
22	370	894	0	0	0	4333	74140	67487	8783	49772
23	1211	1326	0	0	32284	73682	13569	72567	27016	2408
24	451	287	51540	41541	53389	0	721	3966	0	14859
25	643	86	2965	67125	40396	35234	0	3637	0	22440
26	806	765	68368	15858	51757	72052	37746	5443	15546	0
27	565	228	2644	50136	24999	25650	11002	19074	24341	6337
28	370	6	54451	31617	0	64903	0	6732	0	20239
29	884	849	56153	29643	46647	15987	14232	0	47119	60092
30	778	1027	11276	11884	68149	0	42600	20232	39027	26385
31	1324	666	0	57714	14879	0	0	49731	38459	9511
32	1092	1133	0	58737	38133	0	46022	27698	22751	54352
33	835	387	58872	2156	39778	0	37334	21678	37635	46589
34	132	1133	0	0	0	52805	72430	28321	74293	0
35	1296	260	0	71706	35581	34108	0	49156	32446	0
36	742	903	46767	68331	30020	11473	45652	47347	4480	57561
37	1022	12	15264	0	74352	58912	41716	0	0	0
38	431	519	21391	0	10658	0	15509	10924	53219	31722
39	1291	536	71352	74374	48602	6445	33304	0	59579	70380
40	549	922	0	51766	26361	1555	0	50967	2165	7099
41	869	796	0	18120	0	48533	49171	0	0	0
42	1094	494	46245	0	0	48004	0	8719	69029	0
43	849	1298	22971	28550	50819	15963	29227	63688	0	4093
44	477	15	0	0	0	0	16576	14728	0	6457
45	17	1251	29226	26967	66553	48715	8172	38535	71508	54785
46	824	295	0	52152	6086	29940	0	56875	0	40144
47	856	716	4715	26717	16320	64418	4657	26230	10969	0
48	1356	569	1832	0	15807	0	34742	53087	0	13838
49	179	25	27583	38818	19865	45569	0	42495	55498	25578
50	1057	1347	25259	0	0	60829	72267	21547	1162	46486
51	38	285	1232	0	0	1419	73002	0	34347	0
52	912	600	0	0	71633	0	57499	41898	21172	18618
53	998	1038	17645	0	63725	45481	67842	36696	0	0
54	204	880	67401	0	19917	36797	30548	14579	64413	43200
55	1431	1277	15071	16554	17881	59908	40742	0	52676	46595
56	14	1111	45942	25086	63966	60764	69663	51116	44897	0
57	1472	383	37269	0	32400	39547	0	66850	67958	0
58	1200	250	72413	9855	18885	73463	22039	36662	3335	5953
59	1453	61	25271	0	62154	0	0	18418	8370	19842
60	84	1012	43745	0	32253	24345	0	0	0	0
61	953	837	68735	0	50105	7232	38366	868	46869	63436
62	1303	814	1218	53571	0	64722	1543	750	14928	8080
63	730	1314	24510	43399	0	0	23125	9106	4917	47767
64	1184	819	9908	43118	66417	72506	42873	30660	36886	2026
65	451	834	15569	66223	6770	0	67784	35674	0	3287
66	591	824	62105	0	51761	0	5645	43899	20479	10819
67	18	656	71005	57323	0	50207	47920	52084	0	17756
68	1048	418	11911	0	0	60520	64078	24423	3149	47738
69	173	1094	769	0	0	1544	0	0	74909	17570
70	1015	732	49621	0	16378	0	0	0	0	3914
71	344	703	0	0	61648	0	45059	17630	39191	0
72	1426	908	56083	18990	24721	3227	50911	0	35586	38785
73	470	1190	49070	0	0	516	18396	72989	1122	54620
74	429	844	66879	46244	38309	43203	18088	0	27496	22310
75	1351	1132	19816	0	56229	0	30409	6796	59067	0
76	725	1016	60029	0	46779	5598	0	41011	34964	0
77	455	1453	29083	0	14417	55562	56333	0	54786	69011
78	1299	824	1159	20109	0	0	65177	13047	0	69444
79	323	778	57812	24476	43006	67713	59301	43562	52793	11141
80	1175	602	5839	17627	22085	0	11236	51410	66736	0
81	438	964	11897	0	45969	67149	0	53427	52843	0
82	128	256	0	0	0	0	31930	0	9762	0
83	106	678	30717	37320	62959	661	28497	30089	0	29311
84	587	332	0	60641	38227	6532	59450	57966	0	3798
85	1258	472	0	0	53951	12136	10485	46360	52626	66835
86	229	645	5123	72802	0	23521	34430	0	63982	17723
87	106	1078	54301	0	5671	57789	0	60307	21783	1371
88	1409	774	33970	60236	18630	71639	0	32282	0	74753
89	1347	909	32539	0	0	64321	63304	43078	0	0
90	674	1000	9581	0	0	23182	10306	59998	25718	68670
91	585	1097	1996	15169	34000	0	0	43794	70567	28360
92	110	340	11715	63932	68735	45008	20018	44341	62380	0
93	1396	275	11787	9410	0	74449	18953	0	0	30005
94	306	580	37367	0	47192	13075	30711	74651	39352	53535
95	988	355	31038	0	0	67921	2089	0	37658	60510
96	544	248	0	18987	72175	16812	0	4009	39353	24630
97	1029	181	37394	0	63342	0	73169	64515	44721	42041
98	1078	1146	0	73319	12493	19507	0	34631	7090	0
99	481	208	0	0	22082	39374	66378	23844	0	26884
100	678	814	0	28415	0	0	0	0	54661	52786
101	601	891	27842	74471	71335	6147	50306	28104	0	2769
102	1118	170	54184	62545	0	0	52800	0	0	0
103	339	186	31653	74938	31503	57932	51781	11628	0	59214
104	141	1015	0	3925	44744	0	1733	579	0	1909
105	269	650	56828	40681	3201	29298	40147	16943	12471	5846
106	125	1356	17042	52638	64624	0	0	38964	11244	0
107	492	614	33658	0	0	11490	0	54685	69535	26632
108	690	81	68050	28104	52494	51948	0	0	13822	44555
109	470	520	0	31755	74197	0	25385	0	4312	61812
110	389	354	0	65448	40242	665	10358	41046	54822	43943
111	1110	514	57388	57766	49067	23816	47517	0	48715	2359
112	433	467	21815	47996	0	5041	40246	0	64171	20642
113	626	402	29740	45673	54981	42859	26509	41314	64247	74847
114	1149	1228	39789	0	6262	37589	0	20499	902	73771
115	210	128	70897	0	4561	18456	10254	39609	18570	36305
116	386	858	0	0	0	71768	60121	0	53402	61621
117	344	766	72290	35444	59183	34247	14423	72036	28131	39865
118	249	1048	0	0	40558	0	23502	70644	68927	39328
119	981	778	26229	0	44303	0	71162	26893	60971	71719
120	725	123	64662	10682	0	0	74397	69254	71677	50619
121	730	1043	45501	37975	0	24293	0	0	0	0
122	798	725	23374	0	21688	23486	9518	0	52767	14625
123	1273	1069	64500	0	6900	0	50997	62107	41155	15452
124	1184	703	0	0	9618	0	56150	64925	71747	0
125	1008	1258	49066	0	35125	56726	0	55574	0	0
126	723	1034	26830	61912	40091	33697	48212	47604	0	31448
127	1050	1490	0	25714	61768	0	0	12540	0	51161
128	19	624	62731	43818	54970	26031	46222	61947	0	66513
129	1230	709	20068	0	0	0	0	0	37012	18950
130	582	618	14535	64895	64448	0	0	0	8036	53340
131	464	108	55670	0	64486	11147	57016	28842	0	61007
132	208	336	0	59143	0	0	0	0	47525	66257
133	1462	1329	19462	20162	74219	22129	67740	10904	15343	2429
134	1372	1173	0	8587	29837	0	25708	37534	0	7210
135	73	66	2743	49163	0	13640	7715	0	49694	0
136	44	373	35582	37294	45871	0	0	1977	28134	74622
137	576	1150	0	15386	5807	64993	41045	50220	34240	0
138	1045	562	50047	62214	3213	0	0	14850	30395	36342
139	189	1409	12215	29177	0	0	19590	58101	26940	47440
140	262	21	1760	0	72702	0	67284	0	48092	0
141	678	210	64134	25962	32819	0	53889	28996	50690	24466
