# 31862135-dc84-4a2d-a688-0de448d8415a
12	9	6	111	35
0.0	82.1	181.2	174.3	149.2	43.0	116.2	190.0	105.7	125.0	188.5	139.1
160.8	0.0	103.5	89.9	135.8	20.8	116.0	32.4	53.0	27.6	134.3	60.6
126.9	161.6	0.0	170.4	26.9	127.8	18.5	189.2	36.9	80.7	116.8	107.1
63.4	102.2	66.7	0.0	157.6	24.9	17.2	83.7	84.8	73.6	120.6	166.8
29.6	35.7	49.5	135.2	0.0	153.9	12.7	152.4	158.8	189.8	155.9	25.4
53.5	169.4	171.1	108.9	198.3	0.0	163.4	161.9	115.9	68.6	103.9	47.0
79.9	158.0	63.8	53.4	171.7	189.5	0.0	162.3	85.9	41.2	37.8	104.8
68.0	124.1	139.2	32.4	176.4	99.2	42.6	0.0	186.4	188.4	97.9	145.0
186.1	52.0	67.6	185.9	72.9	89.0	28.4	22.0	0.0	78.5	37.6	178.2
196.6	42.0	45.2	165.6	21.1	120.8	64.0	188.9	35.6	0.0	131.1	184.0
199.3	37.4	52.5	17.8	137.5	110.2	72.8	63.3	96.3	48.0	0.0	197.6
90.2	19.8	46.5	190.2	184.1	31.1	85.9	151.6	188.7	34.4	198.2	0.0
1	75871	6	1
2	36403	3	11
3	77446	2	10
4	32875	4	5
5	50296	3	10
6	38364	1	9
7	51672	5	6
8	39493	6	9
9	65753	6	9
10	19218	1	6
11	56320	3	4
12	45432	2	12
13	21373	2	5
14	22219	3	11
15	11966	6	3
16	47595	1	12
17	60270	6	8
18	65646	3	2
19	55558	3	4
20	36705	3	6
21	43192	5	6
22	13427	3	10
23	31961	5	4
24	35118	4	4
25	33321	1	5
26	54243	1	8
27	43083	3	8
28	54821	6	6
29	76286	2	7
30	30547	4	4
31	22450	5	2
32	47376	4	12
33	62916	4	12
34	19999	3	4
35	55209	4	10
1	291.1	898	715024	480426	461579	457013	498803	684546	685082	624535	614809	447561	492783	690634
2	159.4	916	672391	699527	574442	802165	779230	704291	685213	618388	582502	520685	500490	407986
3	277.9	644.2	512041	438073	656652	502140	647881	625888	561298	605261	462667	450923	465529	607070
4	1337.3	709.9	533816	652845	671952	686129	583087	600489	478698	396052	520772	700018	482138	437680
5	1076.3	1219.1	749054	412360	385539	557363	780711	714558	637815	478148	371148	457683	642002	738398
6	1156.3	936.8	450260	630800	505187	783398	484735	612722	792551	608533	592133	458018	543257	641437
7	475.9	727.2	720520	512872	688724	565663	777947	472139	642378	441595	710192	558899	541883	721397
8	1180.2	650.9	465013	721989	420494	433430	777618	630566	793050	632623	529217	695437	443824	409126
9	774.8	1154.6	461765	574029	451782	825470	410430	416176	780118	689827	606760	459634	524828	686270
1	196.1	997.3
2	1133.3	602.7
3	498.8	1173.6
4	849.3	717.2
5	874.7	426.6
6	339.8	1134.8
1	711	1379.7	0	32801	17748	42776	0	0	26011	0	29096	47729	48055	45712
2	1391.3	1344.5	70837	0	0	74343	0	0	4168	5780	0	4519	28910	2195
3	751.5	942.1	57993	2202	29877	45024	64688	33754	0	0	53337	73207	0	73138
4	208.1	27.2	17916	4814	19645	58806	65462	48115	60941	0	13716	0	36090	13171
5	79.4	1261.8	49935	56706	5843	35564	0	0	27843	0	0	74092	28228	25386
6	977.2	1256.2	26661	23539	0	32540	58111	0	36576	34385	0	8191	18008	72978
7	1029.6	532.2	0	50210	5803	14828	46321	14450	4990	0	0	26256	0	73532
8	9.7	581.6	4064	57736	31698	12064	0	62330	38167	26718	26657	58550	60377	37256
9	980.7	248.4	27265	0	35855	52531	35967	60396	0	31009	0	34310	28992	14567
10	795	490.9	34609	47363	7590	0	32915	29167	20101	42345	31198	40751	40997	0
11	111.7	886.1	0	0	74451	73519	0	16616	0	19624	57055	38830	0	63284
12	396.6	614.9	0	0	23508	0	18875	65258	0	62631	0	0	30348	0
13	386.9	631.9	0	0	0	45255	0	0	25207	21801	0	0	0	27737
14	104.2	324.4	28717	0	60087	15896	69686	11192	62748	45508	20936	12255	52239	0
15	304.1	658.3	29619	39092	0	55638	0	4921	17498	13026	0	4068	10099	24141
16	3.5	127.4	25410	41794	0	29466	20061	16053	68334	4315	0	0	48132	20744
17	1172	1376.2	0	9594	2613	60636	0	15255	45075	30078	0	0	27903	11430
18	855.8	577.1	56221	0	33352	57051	10658	0	20003	5322	51520	44495	0	6937
19	689.5	1495.3	13832	58577	67463	56959	0	53678	33828	53923	9644	43193	27953	52538
20	33.8	1323.4	0	34526	11467	2292	0	73105	0	0	68819	24887	50641	60164
21	219	86.4	11184	0	6421	0	4367	57918	9495	37553	0	7418	41050	0
22	1178.6	705.9	5626	37011	29178	0	0	55979	40649	56998	58427	36167	59314	38475
23	91.5	1369.2	0	20485	11580	46112	63977	31275	0	28727	60453	3187	18147	0
24	1260.5	1274.5	0	20572	27020	0	0	37733	61887	0	62690	0	0	0
25	1225.7	1380.9	11630	35165	42873	0	6393	25805	71606	0	0	0	57649	73126
26	386.9	638.6	0	73435	0	37927	65052	46175	25028	44606	29230	74013	64646	47622
27	235.2	602	70277	69289	0	0	43811	0	6873	42399	25743	54995	34445	0
28	68.2	1081.1	23450	54203	26325	4527	59625	0	45291	72883	0	0	8227	21102
29	623.7	1273	0	48456	43101	13271	0	35704	0	29627	5642	0	74627	0
30	1366.5	1136.6	17852	73937	61846	36352	0	62439	0	30661	0	0	25219	33614
31	1272.8	1360.1	0	8724	0	63270	64372	55231	45989	7933	46867	8469	48073	47471
32	214.4	1431.7	67848	0	0	28019	27835	64396	0	11498	64938	68810	38326	0
33	441	1396.2	806	0	36190	0	32416	0	41525	29975	43402	13913	22670	0
34	767.3	360.9	18219	68519	61373	23051	44053	49352	38986	53100	64477	0	0	0
35	1155.6	1130.7	21497	0	0	28586	0	47366	27708	0	16295	0	14641	23504
36	260.5	619.6	71817	0	0	62493	18043	3094	43607	0	53416	62783	0	33233
37	775.2	841.3	8555	17599	3865	0	29085	73728	0	16696	14772	0	11449	57146
38	1335.4	96.6	0	15750	34046	0	0	72486	57447	0	0	32675	0	8479
39	770.2	565.8	52765	36416	51059	65962	16804	13699	72549	0	29051	0	10866	0
40	421.6	1298.4	12875	13126	0	52866	45710	5010	68718	43982	28520	42114	43435	40202
41	404.6	801.3	0	73506	70069	39155	68825	23820	41614	0	0	62527	0	48516
42	734.3	1263	41328	29955	43580	0	0	0	0	0	23573	53368	0	0
43	132.3	931.1	22412	0	0	0	59646	0	26242	68158	59598	0	0	73284
44	80.4	213	61482	0	64549	0	0	38720	0	0	17634	18147	0	0
45	306.7	731.7	36023	0	16011	33125	0	6470	1213	49058	0	61124	26263	30092
46	1274.4	1483.6	0	29852	36347	74534	62249	0	0	26908	45243	8746	0	0
47	718.6	564.8	57037	34523	0	0	0	0	44347	24682	0	2529	0	0
48	757.6	862.8	43792	21729	16307	50123	20848	1078	66075	35931	0	45218	0	33252
49	544.6	32.5	71564	59307	0	0	19302	24062	0	2274	72283	0	17018	38945
50	414.1	329.5	49101	68891	16840	35656	32367	67596	59629	11496	0	0	40034	15225
51	187.2	902.8	0	0	12223	31855	45981	0	0	71379	66932	0	62283	36207
52	1474.4	1241.6	38359	36634	0	22487	0	58709	52006	45891	0	22589	0	6240
53	882.7	617.4	46481	0	27390	0	0	0	46104	12037	33379	54397	0	53377
54	626	1497.8	74998	6339	0	56958	24070	0	72322	50842	27545	0	38071	944
55	591.2	1177.9	58375	37678	21369	63376	52395	54357	49224	35294	56142	37470	9809	70930
56	747.4	848.1	16676	0	0	22950	3374	5334	0	0	62596	4536	0	0
57	261.9	1032.4	25079	25821	5396	0	52387	48724	16312	57962	0	57983	29290	62273
58	6.2	1312.9	0	34572	49257	0	33357	0	47506	0	53796	0	0	2560
59	1283.8	562.9	0	63546	0	22491	56563	0	27667	0	48550	0	51417	19009
60	1357.7	314	50937	4034	62591	0	19771	69308	0	50555	15806	7899	0	41566
61	406.3	927.8	24002	23418	70941	38636	24656	1752	0	34955	43021	7500	4714	0
62	917.9	1125.5	19266	0	45095	7427	18478	19801	35601	51665	15294	38641	38883	70133
63	64.2	1456.4	52021	47570	69357	12866	53976	0	62342	0	72738	38513	46917	20465
64	824.4	1138.3	67349	13779	12168	42024	0	32689	17727	0	0	53777	0	0
65	1217	418.5	50904	43823	0	6136	0	35647	0	21828	0	3395	52215	36800
66	1114.4	1473	70346	46991	74033	0	0	0	0	50450	24460	69966	0	74115
67	1117.6	999.3	62737	0	45675	73735	0	0	0	0	8015	26227	0	56971
68	614.3	1024.2	0	0	0	52247	63318	31946	0	0	34460	0	45702	72477
69	1108.7	624.2	1016	50146	0	25216	59517	20309	25045	0	0	56592	44278	12331
70	1433.7	1251.8	0	8441	9866	0	0	54218	48116	42116	62816	0	15642	5833
71	885.5	160.1	45657	0	0	0	50423	0	46838	10777	23142	0	56746	0
72	846.8	114.9	0	3443	1656	64429	0	4901	0	7641	33751	0	0	40460
73	864.9	818.7	72311	0	0	67117	26685	0	44740	31997	0	0	4298	59524
74	946.5	1054.3	0	0	48484	0	1630	59487	0	53964	10502	67713	0	0
75	234.1	959.3	47367	63162	4482	59610	53446	0	0	66926	1862	28762	36177	38577
76	920.6	131.4	11963	23870	38766	54525	38701	41541	43194	0	44327	70226	0	0
77	103.7	1441.9	60127	0	0	64212	51354	0	28097	42712	0	0	0	6939
78	30.6	222.6	16312	0	0	0	74426	0	19449	0	3120	57874	18436	23750
79	718.4	1155.3	34005	62029	0	62513	0	9378	0	45016	67480	44988	45517	0
80	168.4	220.4	0	0	55758	51804	63283	17475	42195	66331	18295	0	22774	63739
81	600.5	171.1	22568	68672	14422	44024	24458	66857	45599	46088	9864	0	42135	29375
82	976.8	912.9	34572	34598	50408	63646	74666	60741	72663	61900	18126	0	0	7456
83	1386.7	1104.7	60352	21181	42800	50723	0	56496	3124	73748	0	64239	9184	39132
84	873.9	1282.7	0	0	0	46296	21310	30567	1230	0	0	71811	34811	15490
85	1482.7	10.2	11524	73652	28108	44878	73983	47526	68583	0	52204	51361	0	65541
86	859.9	631	69284	1269	5813	0	69915	0	51319	10375	0	57332	57294	0
87	1270.1	229.5	22967	0	73117	0	0	0	58049	50926	70277	51619	25404	60492
88	1361.3	939.1	0	51200	52501	12600	68687	17174	35194	53690	59716	0	37143	7713
89	42.3	609.9	0	36721	42372	4270	0	32840	38983	0	0	5019	5357	7205
90	326.4	66.6	58710	0	31604	0	72727	9064	0	0	0	5371	17442	72349
91	998.5	88.3	58494	17513	0	62405	8825	73782	0	0	41013	72269	0	68549
92	746.2	1148.5	0	28598	26574	10138	10333	60768	0	59892	31572	60278	63824	65889
93	1090	164.1	0	27657	74324	68740	61073	0	61916	0	0	55184	10572	0
94	78.3	538.9	29066	49949	43850	42055	13139	73477	12988	6964	0	0	66566	4355
95	838.4	1406.6	0	0	31385	47645	56912	0	6731	0	52696	16019	0	74751
96	917	492.9	70646	0	24983	0	66949	13925	0	48943	0	44474	67681	28855
97	446.8	648.9	52844	71538	0	0	60750	5314	24131	65317	5246	17522	47987	0
98	655.8	524.8	25180	27992	62170	0	0	34807	4480	31681	64266	0	31257	0
99	813.1	1033.5	14487	0	16547	45322	32661	0	59652	14713	0	0	47566	26403
100	1332.8	990.4	48700	1956	51365	49281	0	0	3897	74595	46207	0	0	4511
101	267	866.1	39263	13110	0	56428	70333	4220	0	5156	9162	0	13439	0
102	1304.6	210.1	9430	24640	74317	7714	13166	73899	69244	3653	4834	0	44441	10797
103	1085.6	662.9	74352	71837	64313	0	0	0	54366	0	0	0	0	0
104	692.5	1300.6	0	74808	67467	0	0	0	71935	0	0	26336	9526	24075
105	429.7	122.4	3765	0	53516	0	24293	0	14662	49150	19250	0	65583	67385
106	342.9	384.9	54627	17297	0	0	40151	4357	0	0	0	59655	8692	0
107	270.4	935.9	27259	12789	0	45102	7851	9952	12087	0	45732	6259	60619	49625
108	921.8	743.8	55189	0	0	0	22952	7145	0	0	2417	33726	0	0
109	1201.8	312.4	0	0	0	22865	30527	5722	39914	0	32165	70081	5896	23905
110	47.3	917	20433	22080	48518	31698	0	33037	58591	7256	55019	35421	46293	0
111	797.8	851.4	14821	0	44490	0	63164	70491	1847	51272	44479	1602	20933	62887
