# a85ad769-1f3b-4933-b908-7a79bf1abdcd
11	6	5	168	37
0.0	156.2	138.9	40.8	58.1	165.9	94.2	129.1	49.7	195.9	164.9
153.6	0.0	167.1	66.8	103.7	194.2	57.5	163.3	184.1	33.7	56.1
14.6	187.9	0.0	154.2	19.5	46.8	162.1	197.8	161.9	44.5	117.9
77.5	167.9	62.4	0.0	126.5	16.6	113.7	32.5	159.8	51.0	95.0
133.2	25.5	106.4	56.5	0.0	119.3	93.9	100.7	116.0	131.2	61.3
133.4	97.9	197.7	132.3	14.6	0.0	179.0	165.5	25.7	129.5	153.0
73.4	150.4	90.6	72.9	26.2	177.7	0.0	100.4	114.0	84.6	111.3
70.6	70.2	73.1	167.7	133.2	97.7	168.9	0.0	88.5	60.1	58.9
170.6	152.6	103.2	12.7	24.2	116.2	63.3	87.7	0.0	68.9	191.2
178.5	61.9	51.4	168.0	89.7	196.3	29.4	36.7	82.7	0.0	170.1
67.7	184.3	24.9	123.8	171.8	198.8	84.6	39.6	143.2	24.4	0.0
1	16475	2	10
2	58939	5	1
3	48471	3	10
4	76315	2	4
5	47779	2	4
6	57415	3	5
7	25673	2	7
8	29350	1	6
9	13603	4	4
10	62567	5	7
11	57205	4	4
12	47836	5	5
13	40099	5	6
14	45624	3	3
15	50987	1	1
16	13674	5	5
17	52747	2	3
18	29596	3	1
19	19224	3	9
20	33416	2	5
21	48101	5	8
22	78055	5	3
23	24665	1	6
24	29941	5	6
25	39375	5	1
26	50039	2	11
27	36520	4	10
28	59629	4	6
29	77424	1	11
30	37780	3	11
31	21780	3	5
32	64456	4	9
33	47604	1	6
34	72614	2	3
35	56319	2	2
36	64398	1	3
37	55692	5	10
1	1141	131	1538432	1330625	960894	1639732	1124702	1231882	1608384	1024213	1117829	1347246	874788
2	611	1314	973539	1108687	1534688	1576456	2035475	961928	1509372	1421777	1001979	979752	1607388
3	562	1008	978275	1183118	1189306	1778681	1411750	1454498	1438557	1690496	841449	1306548	1609371
4	1062	1106	1100407	1395563	1472526	1558595	1710550	998399	1481821	1860362	1290375	1206356	836687
5	1358	943	1190940	1397821	1444985	1480520	1759893	1154770	866953	1075831	1406579	919524	1033414
6	730	862	1147858	1590278	1482194	1685279	1444109	1263501	1211698	1120566	1531898	1136717	1061724
1.0	1304.4	630.0
2.0	747.2	303.1
3.0	469.0	1462.3
4.0	1361.2	657.4
5.0	171.4	110.2
1	1299	920	34293	0	0	20147	25292	71576	0	17878	53076	0	20696
2	1389	1111	0	0	0	45566	55841	0	54617	23709	22130	0	0
3	98	1480	37296	0	0	36234	53903	29897	74699	63667	61456	40163	32393
4	167	372	45735	0	36458	29413	27935	4143	58422	41734	37852	57946	0
5	715	1336	0	0	0	0	32776	53587	23804	0	66667	23067	0
6	649	856	38480	43040	0	0	57973	0	0	47505	0	0	39005
7	4	0	35422	0	66885	20108	0	74696	35169	0	0	51379	0
8	1004	1114	55656	71589	73731	24609	0	0	0	0	57599	63915	74966
9	1046	114	0	30949	3249	36021	33907	72035	62550	54381	44669	0	59020
10	848	1293	0	0	0	17294	36153	0	0	3490	0	54213	0
11	318	1200	22502	0	38950	0	41852	0	12382	47473	17912	0	0
12	367	547	0	52599	0	33387	43531	39817	13501	22892	25989	0	22122
13	1407	1432	40036	0	14047	38975	1190	0	59945	0	0	28863	34521
14	36	1210	18152	49534	34154	20778	45399	32044	33778	39249	19707	48145	21349
15	1414	1069	0	59667	16684	20089	0	35051	5401	21135	44322	0	12804
16	734	1347	56635	44977	0	68535	0	0	67079	26978	69204	53733	27312
17	1183	303	59556	39573	52602	0	0	36364	22614	943	0	0	0
18	1320	604	26957	18013	0	0	3466	46205	0	0	0	54506	0
19	193	320	0	0	0	0	19224	18820	6040	0	20975	63404	31657
20	922	64	0	68872	0	36316	12526	46249	0	0	66537	30804	30747
21	511	1224	12734	9713	0	1483	12148	28877	68455	0	41234	57899	26856
22	231	813	25092	67282	0	49035	0	4126	21310	8855	68823	0	30119
23	694	899	57438	49138	48443	0	25109	7552	16466	0	8172	10872	52660
24	275	1453	0	14360	0	39357	70662	13287	23191	0	12213	44023	0
25	986	906	44807	0	0	65858	0	59874	0	37175	18990	54129	0
26	111	1047	69930	35204	56309	38617	20941	39180	0	31491	18223	4029	0
27	383	880	28425	22602	53018	25118	23511	0	48960	56530	69451	9081	37760
28	282	767	0	0	15544	2283	40471	36043	0	72321	66536	70485	5139
29	1432	52	0	17867	0	50522	29790	0	15769	12407	12184	72953	0
30	650	1088	22387	0	23056	0	29783	9040	12620	53205	0	37073	0
31	718	161	0	0	23374	34725	25542	0	58690	56370	41704	47015	60817
32	1296	234	28908	0	0	0	26232	0	62522	38683	17119	42667	0
33	868	1254	57460	0	65373	71886	0	29243	0	0	28042	0	14318
34	9	1181	0	49877	0	47370	0	0	36879	0	0	6255	73788
35	1412	951	0	52320	61021	64447	711	0	11028	15034	48799	65984	50340
36	471	109	64437	24305	7120	2158	27340	15205	36942	44006	2370	68175	0
37	1041	182	0	42354	0	66129	47731	0	59295	22834	48218	42277	32840
38	1308	863	6505	0	7500	0	0	0	0	54502	71217	0	19634
39	1173	217	46557	0	63002	0	22557	0	26227	13900	72046	0	54236
40	913	290	74077	71177	36529	25415	27033	569	10647	74471	15007	49874	45318
41	748	940	71414	34465	26354	0	69761	0	750	0	0	69974	57962
42	1262	162	56675	0	39556	72090	38658	23548	16314	0	0	65269	0
43	1113	531	50387	886	22465	39212	23907	0	0	1327	0	0	45494
44	321	1047	16715	8791	58147	74236	15062	0	33914	0	51403	12025	28545
45	1052	65	41281	0	0	49520	20932	9433	17480	12805	28175	59670	23778
46	671	566	71951	24710	12774	38729	30074	29470	0	17154	0	11703	4148
47	180	1158	61251	17251	28496	58254	58114	74924	15939	0	43238	0	51844
48	54	154	0	21902	45310	2292	0	38970	41036	19664	39245	60393	0
49	634	597	26349	61617	64342	22619	59901	0	51167	11781	0	0	0
50	195	150	65656	3813	24174	67952	0	1340	0	66738	58292	66025	11048
51	86	1417	60942	53266	69551	32923	26201	0	27772	31050	25964	55283	0
52	1458	787	0	49463	60488	0	69231	7482	14636	0	64046	58053	61762
53	164	722	43738	27311	948	60772	68175	60876	66346	57928	0	0	63258
54	1081	1301	0	0	0	0	27898	15697	70223	10982	65925	0	0
55	313	1460	70528	47267	27839	68271	16768	0	52731	40406	48900	0	69986
56	787	634	0	3621	19968	55824	58879	48376	23003	52169	0	23431	35917
57	1492	909	0	0	50504	59835	64201	61748	0	28870	68457	22325	0
58	1090	407	0	20554	69760	48919	17040	56412	0	12961	31999	5706	66102
59	864	1070	36328	58993	34480	72345	68276	9900	0	13884	0	57087	48422
60	674	560	6361	0	0	27753	70291	1776	11380	0	0	1763	0
61	1310	1204	0	69003	63907	1508	52678	0	63598	68848	54301	61828	21418
62	1090	1082	9705	46663	0	17775	74380	2142	17243	45417	42010	0	5853
63	552	395	58076	36029	0	25249	0	0	70081	43735	13477	60594	0
64	683	662	71472	0	39170	35497	0	5006	13646	52695	6249	52241	0
65	95	325	65448	62611	6898	45367	64974	0	65591	23828	44351	0	45749
66	1361	62	0	32909	2014	68226	0	42416	12030	0	15278	0	3566
67	362	424	8164	0	47758	59945	0	0	3613	0	65660	0	22361
68	639	546	34320	0	0	29635	74708	51394	13529	18199	0	42492	7180
69	1461	1376	15922	0	24420	23498	74107	6397	0	0	41550	27441	5311
70	1373	206	0	0	0	0	0	0	45017	0	53743	13479	64987
71	769	875	0	55442	0	54468	31521	61093	15886	21510	12856	24651	0
72	911	211	57909	22408	26689	0	42287	0	39557	62193	0	0	74843
73	1434	1223	60617	50153	0	40223	31140	4400	0	13770	838	9556	56506
74	249	1170	64705	50541	23167	30307	45388	36636	46259	50899	29944	44924	29343
75	740	606	56537	70960	0	54349	73316	2556	73978	43066	0	786	22057
76	430	190	21606	0	29863	53990	74441	0	15316	15635	0	37715	0
77	788	594	29181	48977	0	0	22249	38760	37207	29533	0	0	0
78	480	578	0	38323	65520	5709	48096	41862	68550	50821	0	74336	51883
79	1153	304	0	45401	17774	0	57732	0	58168	52132	55376	55232	67785
80	60	780	29985	64527	56587	47794	0	23540	43893	0	6369	33124	0
81	1230	1307	0	40378	6026	67498	14638	61839	0	59827	34521	0	1674
82	594	642	10899	36233	34429	71264	28719	0	17823	34524	42862	15088	73979
83	271	492	67352	52495	55189	53843	20482	0	29777	28274	29213	16387	18266
84	1016	284	29236	47166	23236	9160	10099	21237	0	66326	0	0	61931
85	859	625	0	0	0	59160	0	3445	40490	30223	0	0	0
86	360	1378	0	17130	40211	0	65031	7013	7348	0	0	60431	0
87	153	580	0	54920	60021	24112	62028	36014	34176	0	61623	0	0
88	1086	395	26450	27983	0	40564	0	0	0	68920	31215	61278	72647
89	195	897	49564	0	0	59504	41092	0	34356	7882	7525	0	721
90	353	1407	0	41434	0	7138	70815	0	30441	42981	68660	0	21945
91	987	369	18648	27363	0	67218	18661	0	42194	64255	0	44680	48009
92	1458	687	0	34088	558	33168	50081	25079	12379	0	50044	16609	40594
93	437	1457	45722	35607	39836	2629	13410	9811	8859	36219	0	0	5373
94	188	1128	61935	0	0	0	14078	22596	70881	0	0	48533	0
95	472	382	73940	0	7776	17758	0	4430	0	0	22207	27327	0
96	1291	561	14402	15537	0	0	63254	45500	28309	48760	0	0	0
97	811	375	0	64614	17231	53648	0	40274	47131	48683	47674	70903	0
98	1481	844	0	0	0	50979	24076	0	21937	0	0	0	0
99	1418	1172	64425	55490	0	0	59386	15167	18733	0	53263	17905	74962
100	1278	1437	0	65920	0	0	0	60127	44013	24325	0	0	54068
101	1266	1197	38826	56491	68559	0	72086	35817	66203	18820	0	5209	0
102	248	48	44183	0	28349	49219	59143	38921	37953	26027	26401	20314	23068
103	405	116	0	0	52442	0	0	0	0	0	0	59859	3417
104	1175	374	14873	64871	1026	0	61720	33893	0	49230	17508	32508	33417
105	1296	101	42987	0	48338	0	0	59914	0	66698	0	63516	34881
106	328	1195	43668	0	34405	16273	0	0	48498	36774	0	0	68400
107	111	421	55316	10718	7940	67772	0	0	15305	24447	0	3758	0
108	989	138	54994	37392	12310	57018	0	40073	25688	37675	0	19328	38272
109	346	1113	0	29025	890	0	47122	71961	7879	30853	72710	0	14635
110	206	1470	0	30652	8026	29423	63932	48566	26644	38455	41522	20270	34632
111	1223	796	0	0	53233	48197	0	59671	44938	57062	70737	16367	9236
112	1265	1109	0	33571	54130	68639	9679	9028	0	0	0	0	0
113	437	399	53860	34577	0	22689	29931	31032	0	61124	65716	0	41161
114	661	995	22891	59759	66840	59677	50622	29928	3622	66541	0	868	0
115	209	292	0	18630	53692	71214	0	0	0	0	12838	22962	25281
116	149	1057	58161	0	42506	62902	16870	0	74443	68467	33105	53071	63242
117	764	1009	46795	37221	6377	21221	17166	40313	0	0	38651	45839	0
118	1426	475	0	55905	0	17663	18492	21260	62271	32116	43208	29283	14691
119	1148	342	894	16448	0	0	66346	73253	0	23212	0	0	10436
120	271	304	5133	0	42282	0	56122	71331	39056	0	59022	0	69212
121	921	368	66522	13255	0	3378	30950	27930	4428	33040	28841	0	73041
122	927	601	0	10937	29087	8961	73954	33541	42761	0	901	74093	67309
123	1462	208	16094	0	41432	52227	0	23641	0	62120	0	0	24263
124	996	391	0	0	9023	25055	0	32625	24177	67979	0	62952	65891
125	1462	1343	0	13709	69428	19861	0	24033	0	38429	0	70474	25948
126	737	997	0	36626	0	45501	29950	44826	0	23649	0	43796	30300
127	402	1071	51340	5728	47786	0	18552	33220	70596	65780	12256	32864	4282
128	1382	39	0	0	16737	22122	60340	0	0	46669	62635	0	0
129	973	852	0	0	0	63503	50771	66438	29782	0	65518	3247	0
130	146	1174	66491	65545	0	51634	57755	0	48560	0	0	0	34061
131	133	686	0	58970	0	48472	0	58676	23987	4318	59153	64176	0
132	1001	383	0	37412	0	28742	0	0	0	61814	72744	0	68893
133	170	771	73473	50322	24007	0	0	8458	53484	70046	0	0	4607
134	1374	69	32249	14388	32860	55432	30691	0	56374	0	0	46494	72506
135	552	1361	8641	49342	20194	19066	39687	33335	8114	27594	0	0	51785
136	1242	926	37667	67699	63048	34100	0	0	55432	65136	3320	72615	0
137	1486	656	14392	7707	42021	56629	73436	50304	0	10847	0	69919	0
138	121	148	10610	8209	58195	28693	35597	16548	0	8822	2024	18973	34555
139	792	203	0	29945	0	70845	0	0	23500	53941	54496	20090	45958
140	1446	357	24268	22119	69291	69229	35273	0	0	52468	74142	0	0
141	777	574	22178	16874	14786	0	21622	41009	33560	60603	0	40200	26828
142	929	1304	40291	63156	10992	0	42517	54250	68965	23443	0	34636	963
143	642	1290	21888	20007	0	61045	21571	18925	6325	62584	29963	13150	0
144	980	711	39826	17503	6988	63395	50640	36165	5295	66191	72421	15530	7493
145	1125	434	52625	20963	63499	64546	0	46456	59411	21627	20167	59718	50235
146	1374	39	41720	2584	57582	21938	49118	0	0	0	14369	0	16821
147	532	130	33574	17090	61760	10711	74341	0	21508	44055	0	55788	0
148	1104	285	0	61734	0	27191	0	1299	8360	6257	0	74518	0
149	452	649	57080	10325	0	0	49061	22341	0	33520	37057	61385	0
150	1083	256	14189	35740	74011	9511	66531	62341	0	53814	74727	1917	15490
151	1358	124	0	8005	47431	20719	71510	60717	29183	0	55248	50958	67061
152	718	648	23475	66847	51091	0	27571	33260	0	74504	16874	22280	14690
153	354	1336	69263	0	0	39930	0	0	12808	41128	16490	0	73799
154	898	827	39944	12762	5098	65429	0	0	0	29304	27867	0	32658
155	976	938	0	21710	29042	67143	36235	56335	63648	0	3828	0	0
156	1232	807	35030	15095	35610	16401	21644	39370	38500	7700	0	36961	0
157	966	1063	19367	0	0	22619	0	0	69370	12511	0	0	16647
158	475	1343	0	0	0	44605	26611	34179	0	40506	0	27941	54521
159	1120	668	63158	35813	23509	8161	21721	45729	68863	58166	41540	16823	0
160	277	1376	0	36128	73893	0	62419	7264	0	15815	0	0	0
161	142	644	31107	9141	51140	0	49606	0	53516	24257	48825	5348	14644
162	1479	830	60363	38068	0	0	67650	25344	6671	33309	0	25581	3752
163	447	1022	0	0	0	0	73980	0	21455	54284	0	37002	18258
164	682	569	2445	31599	38635	71201	7873	0	0	13148	3099	56745	66870
165	1455	201	0	0	55278	33251	47180	0	0	0	11339	26453	0
166	1491	657	0	13025	31016	0	59640	55480	32692	24481	18381	760	7158
167	205	700	39748	0	40116	39304	15813	29010	52845	3319	25049	36692	54868
168	1165	824	1305	0	52507	19634	41550	21640	38779	0	0	44947	0
