# de9f68ac-5f18-44e2-9914-149a1b8709e8
8	8	7	184	34
0.0	181.9	197.0	115.9	197.1	140.1	172.8	176.0
195.7	0.0	78.7	183.9	10.5	118.5	54.5	159.9
21.6	87.7	0.0	57.8	58.6	161.2	111.2	93.2
115.5	175.3	45.3	0.0	61.1	191.0	116.2	159.1
75.6	67.3	160.0	165.7	0.0	129.8	192.0	50.2
118.7	88.5	107.1	18.7	120.1	0.0	171.3	33.7
63.9	41.1	174.4	191.3	36.6	42.8	0.0	56.1
178.5	63.5	133.8	79.1	183.6	120.6	19.7	0.0
1	26110	5	1
2	78014	5	8
3	44759	7	7
4	77021	1	7
5	21957	3	4
6	50823	7	7
7	16430	7	6
8	26038	1	6
9	76188	4	6
10	48020	4	5
11	27708	5	2
12	74364	5	1
13	54910	3	5
14	60284	7	4
15	57593	5	5
16	52625	4	7
17	25482	1	3
18	20119	4	8
19	20609	3	6
20	63469	4	2
21	24772	6	3
22	25757	5	6
23	28043	6	5
24	64718	5	5
25	43998	7	7
26	66576	1	4
27	51327	3	6
28	38474	7	8
29	58772	7	8
30	38311	7	1
31	31713	7	4
32	12938	2	2
33	70323	5	2
34	73898	4	8
1	1283	886	843587	1075787	1422007	1504444	1361395	1069927	1490667	1034252
2	803	402	1181962	859733	830400	1621664	1276073	1335368	1041329	1114179
3	550	426	1254486	1131280	1427624	1230518	1191090	884092	1438553	1448516
4	509	1150	820292	975306	1379818	1603443	1108654	843811	835469	1337687
5	548	607	1319049	948824	908174	1088686	870529	855959	890498	945858
6	1437	865	1262073	1360439	849723	1253658	852611	914408	1263065	1385115
7	1153	1198	953729	713479	1445809	1442199	969570	779198	1486298	1407334
8	539	497	1282752	1020428	1269346	1375053	903343	892687	1506708	1183348
1.0	1334.5	1384.9
2.0	107.4	517.0
3.0	749.2	540.7
4.0	987.8	942.0
5.0	237.4	953.2
6.0	1391.8	625.6
7.0	1486.1	382.6
1	720	250	8118	0	14894	0	51696	0	74751	15718
2	1138	701	48190	40540	65030	72995	60808	72633	15250	0
3	138	276	0	27082	0	41885	0	0	58169	26780
4	779	1105	0	0	13350	1410	35129	7387	46951	19788
5	11	800	0	0	63046	15545	28459	72863	39228	57186
6	164	1069	0	0	0	28319	0	46730	9493	47270
7	1344	463	64875	24285	0	42659	73123	61423	0	25322
8	1320	286	13696	72933	8816	0	0	34998	23359	0
9	403	959	56062	0	0	74255	38503	33497	50518	36652
10	841	1339	0	56186	54236	64254	0	47038	0	70729
11	353	18	22819	59630	66836	51826	1131	4218	26574	38364
12	1228	874	0	0	16054	74231	36743	0	0	67714
13	1227	1304	6563	29399	32712	0	2397	0	34839	0
14	866	335	31709	0	45128	19160	35718	24895	0	11817
15	81	1221	7723	0	71636	12022	23140	70459	55014	59218
16	300	1372	0	0	0	23894	0	25955	16995	35537
17	752	989	43319	23628	0	0	0	28705	37244	58772
18	978	191	3991	65729	27002	21133	51339	0	0	38975
19	503	970	60014	0	0	64765	64321	0	39333	0
20	360	1342	55403	57125	62363	19367	40055	35090	0	0
21	279	563	0	67640	48034	13343	21631	0	54432	30993
22	553	1181	0	28179	54471	0	59212	0	0	64418
23	1460	1102	63224	0	14917	0	64781	30537	59448	12384
24	1138	600	51173	30110	36434	23518	47103	49834	0	44919
25	1030	995	0	73021	0	71977	0	69285	38990	8651
26	1134	1043	45609	0	60527	64672	0	47104	63021	73876
27	87	388	0	0	0	0	68218	34660	48329	0
28	1064	418	67762	41502	0	30341	10153	0	48095	0
29	1375	1328	3733	13600	64293	0	47586	62918	0	67552
30	304	247	29198	0	38227	6916	68067	66437	0	51592
31	311	1346	44669	47142	22957	66207	30807	21093	0	36458
32	1449	378	0	21692	35959	0	0	73535	10333	21889
33	325	838	45343	0	0	16503	29485	56555	26343	66757
34	121	230	0	0	0	63750	57875	24168	37858	1822
35	794	13	12392	0	45681	19850	2130	0	66293	17837
36	1129	398	26509	69094	0	0	51713	56570	0	0
37	170	794	71464	56315	31900	69356	27372	8346	0	0
38	46	56	42754	58489	22310	6275	1902	11385	17069	19041
39	114	1204	4645	47291	0	23190	55452	17153	71568	26962
40	794	1046	25473	0	32284	0	50622	0	0	61767
41	753	460	21495	3062	41541	13679	18902	38638	36586	73847
42	317	593	13277	66724	0	41318	18143	0	36225	62487
43	507	856	33501	0	0	45668	43797	71923	24058	1635
44	522	731	0	49268	0	48454	25739	0	7449	0
45	466	669	7940	37745	66601	73585	9910	6020	1966	0
46	390	1271	24022	0	0	44944	0	0	43119	61630
47	250	52	0	45344	0	24258	19455	0	38150	0
48	1374	487	6135	61309	47236	31830	0	34691	17204	0
49	1273	103	62959	0	16905	14668	32356	27847	35995	18367
50	866	37	0	10850	36594	54587	14421	0	56996	14325
51	964	276	3399	34633	2575	44906	74490	57289	43104	37930
52	796	345	35706	21564	56208	72863	16895	0	68780	30300
53	1084	1371	659	41343	0	74705	56395	29838	10578	62437
54	1367	336	40457	28375	69363	0	15772	0	8407	69087
55	730	915	0	0	35603	0	67710	0	21973	19780
56	888	899	0	18460	62368	30262	21880	36308	22016	526
57	392	432	38370	35987	0	13772	62471	69802	0	10554
58	388	554	0	0	36221	37299	0	0	53391	69033
59	617	1233	70465	22640	0	69801	32020	35235	0	0
60	205	12	13832	3420	74115	49561	0	71194	29567	11509
61	1391	421	38568	29362	66064	0	0	0	11768	0
62	922	764	0	27531	0	41377	19593	6015	0	66339
63	404	1365	0	21432	58093	0	28555	43761	66717	0
64	826	1371	16794	57472	0	68385	74347	70541	0	42698
65	1459	559	0	52707	46435	27660	0	11543	0	0
66	1067	1138	55737	51986	0	0	34997	41494	16062	0
67	1426	1150	17170	51705	31580	36003	53529	17042	35418	746
68	1310	68	45349	41264	23574	74618	63065	0	3450	52716
69	721	645	37742	0	0	3022	68777	54782	45486	32052
70	1066	219	20091	24122	56878	52265	5975	34717	0	33235
71	1200	336	13877	35279	2942	6032	0	69335	65982	58191
72	871	462	6238	70950	12987	71590	60855	5865	0	0
73	798	395	43185	57244	2275	33486	69370	0	33476	74947
74	368	1087	66334	0	55287	59727	44454	68321	43856	6962
75	528	1464	55536	0	0	0	0	73505	61745	48379
76	406	163	0	46977	0	35128	19363	0	21965	10341
77	1329	1246	3738	36306	64170	21250	68649	43693	63788	53385
78	91	545	0	54736	7383	0	0	39700	11477	2365
79	1060	955	0	0	35925	68176	0	994	61205	0
80	372	798	0	0	28618	0	56032	0	17222	48179
81	1412	464	0	24494	17989	0	74411	36725	29699	0
82	1257	1340	70036	64058	0	0	43653	71273	32608	33018
83	932	1395	62615	41364	63842	60696	56566	59290	29332	0
84	92	999	6114	66919	0	60909	28329	15964	26104	1935
85	559	1474	67303	58831	13541	0	0	69711	0	54450
86	1197	343	26312	40903	58842	67799	881	7457	0	10434
87	357	1242	40700	14717	0	24886	33260	61990	70703	8632
88	1393	719	41250	26101	0	25644	42238	71259	12438	17175
89	245	1211	0	0	39008	32219	51316	0	14600	32886
90	873	40	19384	0	0	46718	27717	0	0	0
91	414	1043	0	0	71242	57543	47427	60548	50529	33041
92	922	257	0	32545	26941	16857	0	40314	70356	0
93	1121	1498	67210	0	0	0	20319	27305	14663	69983
94	754	451	67613	48320	42287	67039	0	32150	40615	0
95	595	1247	9520	69595	65875	0	57938	31490	11790	38309
96	1456	1191	67745	19838	0	53749	73582	0	0	2982
97	1028	817	7174	40757	22814	62582	0	37573	40310	45703
98	963	1481	17642	10727	11001	0	9789	53844	2257	0
99	519	1013	20919	0	38688	51916	5570	3934	14202	25743
100	414	159	15731	74001	33410	14292	0	12163	0	68731
101	120	651	32528	34774	55213	60262	0	22486	64334	64933
102	751	656	40583	0	68177	52213	0	6587	33039	28745
103	1208	777	0	54933	73528	17252	0	57211	0	73057
104	808	437	70970	40210	6804	71556	0	0	9301	16740
105	430	527	53833	0	10635	0	0	53720	2689	0
106	967	1486	0	54055	58195	67188	70582	0	57050	35292
107	1030	44	74314	0	24598	55675	0	15948	56755	62131
108	1060	208	15282	0	55267	54019	54011	0	10600	0
109	1064	850	55133	1069	35675	52813	49045	0	0	35519
110	255	584	26485	31105	0	43352	0	54624	49215	0
111	231	1437	0	11539	0	0	41182	0	51279	26993
112	541	4	15868	21187	0	58869	44613	0	17040	21336
113	402	584	19114	20788	0	22199	40956	0	52480	9654
114	433	1245	68088	51421	0	70397	2526	0	31449	19161
115	636	1391	8342	0	0	5984	3097	38912	49312	0
116	1333	91	40696	5165	45653	5245	0	73728	37696	41054
117	297	279	38738	0	53470	51824	62695	59277	70601	0
118	324	1404	0	0	32902	58329	36615	0	1599	45270
119	243	752	0	0	43051	38952	0	0	67388	39491
120	1342	760	30137	0	0	0	0	28602	0	15997
121	617	1138	12642	65900	39200	63113	0	23827	52508	0
122	1001	511	3285	13318	40088	41392	37488	37758	56420	62793
123	1455	1400	29451	29347	68262	70223	7026	39762	49318	62011
124	299	1358	67949	4184	61975	50118	74759	36651	61145	33014
125	1064	1500	20088	0	26007	0	58968	61612	0	9748
126	305	1080	64398	0	0	14250	48306	0	44076	15160
127	1346	428	56994	0	50246	61378	0	37948	3263	0
128	624	605	74256	6007	24673	59836	14014	0	28939	18120
129	1402	858	0	29907	18150	0	18200	9799	40118	1045
130	441	332	68039	0	0	0	10653	0	1209	7432
131	1025	683	38127	72177	0	0	67756	0	28947	0
132	1091	725	0	30322	0	45711	0	38254	0	36991
133	438	1057	9659	69321	11706	9680	0	2269	63276	2565
134	659	443	0	44230	54893	67619	54191	22767	4124	0
135	752	786	0	0	0	0	59279	0	6282	59923
136	211	58	22105	33270	68499	22488	0	71686	3629	0
137	910	808	4989	47388	14040	10508	58434	68606	0	0
138	482	1280	64600	0	54680	55780	60470	0	39881	46574
139	706	1144	38213	52793	0	0	20275	41780	73834	27336
140	252	669	22720	65446	0	27891	0	51876	48875	23526
141	1214	1229	0	39059	592	0	57208	0	23625	0
142	1421	1049	59097	47378	7742	31438	0	33277	64644	73701
143	10	883	30041	14757	0	53935	24782	4132	0	69598
144	855	353	52961	0	28811	4788	53018	0	72698	49253
145	7	601	52799	69255	33335	54801	52988	5914	14606	32509
146	1415	402	13596	38553	57382	31009	35702	0	56732	5431
147	317	1484	54553	56191	23523	0	0	74014	40946	19735
148	1429	1013	0	23937	64129	0	44854	0	58613	23632
149	811	63	39877	0	60313	0	54069	65546	54960	17839
150	1292	583	0	0	57485	46448	52488	43414	0	1313
151	265	64	17881	19307	8621	0	67293	0	19403	36689
152	1277	1132	0	39053	53715	52420	0	0	69071	0
153	970	1310	21881	39653	66947	36776	0	51845	66795	41506
154	5	167	61634	0	593	46421	37258	0	0	17028
155	1319	667	0	0	20269	70159	0	15972	28075	54046
156	579	428	0	0	62497	52518	61627	0	36693	28857
157	236	1088	47632	0	6794	8531	33543	0	23582	5489
158	807	379	49096	56930	0	0	66904	0	31051	51825
159	830	53	53473	23340	5002	56186	10767	0	0	0
160	208	584	8409	13989	3549	49422	0	0	66258	34547
161	1237	934	54906	3231	39655	23232	0	0	31742	27883
162	409	1193	41262	6031	0	0	26767	59304	30980	0
163	729	18	12175	35881	62098	0	49592	69373	0	55124
164	1347	424	47456	60506	67547	0	3713	0	60474	38610
165	1203	952	0	60540	41718	27185	43774	0	43534	3939
166	160	64	0	74421	1617	0	24974	16117	0	53526
167	779	755	50312	0	45477	0	47168	62941	10533	0
168	884	1177	56379	0	37592	4243	9793	0	36171	7004
169	748	510	60622	0	71823	66415	0	11359	0	61888
170	1243	1076	50231	60865	2726	70070	0	39897	0	0
171	1482	98	42083	6517	21535	40900	12618	0	0	0
172	867	1308	0	58905	0	55632	32704	0	27785	41797
173	1225	87	0	17225	20328	0	52465	46798	12704	64783
174	1468	1361	35910	0	35484	0	10575	20764	0	37024
175	321	1215	74900	7617	70966	29692	0	4469	38640	35284
176	12	485	0	0	45207	59896	0	0	35564	38488
177	202	1310	63205	45350	15715	54559	0	9129	1591	2208
178	1107	982	5290	11133	53454	55887	0	0	26456	40874
179	447	1015	74205	48546	0	57364	0	0	53880	10802
180	1367	95	0	48325	0	940	63023	0	0	17740
181	484	494	38602	0	42926	0	0	0	37445	67156
182	379	64	13017	36081	70457	25689	0	22537	60843	10202
183	1154	513	0	0	65126	16730	41111	46401	7672	47526
184	1032	365	0	0	20057	61420	63663	30823	67395	4462
