# 660f273d-ebe1-47de-8212-f241232bf97c
8	6	4	131	50
0.0	67.4	179.1	36.4	131.5	32.7	107.6	118.0
86.7	0.0	165.7	112.5	194.9	189.2	30.0	169.4
129.2	151.4	0.0	65.0	160.1	33.4	124.9	62.6
23.9	103.3	43.9	0.0	33.4	31.3	140.1	109.9
127.2	106.8	179.5	165.5	0.0	43.1	12.6	117.8
56.4	56.7	106.7	31.0	49.5	0.0	108.4	191.8
111.7	24.6	37.0	141.1	99.6	57.4	0.0	86.1
140.7	176.3	75.2	144.7	14.5	155.2	18.5	0.0
1	49463	3	8
2	37898	2	7
3	27065	1	2
4	64330	1	4
5	17202	4	8
6	68588	3	7
7	40874	2	5
8	50658	3	5
9	30294	4	3
10	68930	2	5
11	45470	3	5
12	65650	2	7
13	51379	1	2
14	24214	3	7
15	56063	4	4
16	79830	4	8
17	19552	1	8
18	12167	2	7
19	17130	4	1
20	77549	2	4
21	15404	3	5
22	35528	1	1
23	40322	3	3
24	17346	3	5
25	28278	1	8
26	34326	3	5
27	38244	1	2
28	55960	4	7
29	64439	3	8
30	56942	1	7
31	34192	2	8
32	63062	1	2
33	79025	2	5
34	54517	3	1
35	17521	4	7
36	68253	1	2
37	46725	2	8
38	23379	2	1
39	28036	4	7
40	65430	4	7
41	61927	3	4
42	50542	1	2
43	32052	1	4
44	14890	2	4
45	26732	3	7
46	51140	3	1
47	11083	4	1
48	53246	4	5
49	22730	3	3
50	17641	3	8
1	342.5	1391.4	1.20826e+06	1.05548e+06	1.39819e+06	1.41031e+06	1.24742e+06	832210	1.32153e+06	1.31212e+06
2	1232.4	1433.8	888047	843881	1.41567e+06	1.3651e+06	921676	1.07944e+06	1.097e+06	1.32587e+06
3	558.9	195.1	920896	1.29097e+06	1.40921e+06	784132	871491	672629	1.10367e+06	770354
4	1100.7	1180.7	1.03354e+06	1.0352e+06	1.02668e+06	1.00596e+06	1.01051e+06	890759	777557	1.24504e+06
5	118.7	1052.5	831536	839376	990959	829975	933452	654787	968250	1.08154e+06
6	165	1427.8	963079	1.31816e+06	1.07306e+06	1.1319e+06	1.37676e+06	894838	1.2514e+06	1.20448e+06
1	1151.3	527.7
2	822.8	1102.8
3	877.5	11.6
4	939.3	540.4
1	391.6	348.8	0	19953	15309	70394	5124	12410	1863	69141
2	767.5	916.6	57933	0	54073	41570	42955	28849	70426	0
3	480.1	381.5	46540	12230	58597	0	38371	0	42064	15477
4	1074.9	837.1	48005	10105	3288	8534	0	4476	0	23929
5	223	146.9	56723	50755	74619	0	41569	49042	8835	0
6	62.9	1066.7	72885	71811	72758	53293	59885	0	13968	42408
7	471.6	687.6	69391	0	0	36493	0	64656	74073	34324
8	1254.2	583.4	0	0	72713	60279	56535	0	5880	72804
9	815.6	388.5	0	42407	66797	39378	63282	0	22798	0
10	1368.3	1184.3	0	0	39220	0	69420	25630	2567	47417
11	823.3	1349.8	30300	31290	27701	3950	42251	29715	52023	60061
12	913.3	1435.3	36699	0	16596	3295	47499	38160	39101	55807
13	712.4	932.1	12587	0	22911	46427	13321	49260	22341	23617
14	1393.7	1045.4	0	0	39234	53290	6622	0	64461	0
15	1213.3	1203.1	29610	29360	30720	31910	57687	0	32028	0
16	618	1442.2	16821	0	30352	37596	10527	70962	25528	0
17	82.2	48.7	72566	71507	5826	39381	8946	34966	0	0
18	925.5	1147.8	0	0	0	16450	64009	33187	11174	54066
19	176.3	1245.6	58775	4184	0	0	5093	58260	42827	37501
20	166.7	1483.9	9739	29899	21076	25866	54637	18945	0	0
21	387.7	1430.4	22537	67427	1502	0	61835	9683	0	58498
22	1029.1	1048.5	0	40795	15748	69524	58745	50480	62147	33024
23	972.6	1165.1	40907	9915	7716	74914	823	4800	24104	14765
24	1074.5	461.2	49637	44824	0	0	66403	0	42339	0
25	411	354.9	8856	22260	0	71159	0	0	2732	64020
26	1023.9	131.6	57429	12747	0	0	0	11682	0	0
27	391.1	746.4	55125	49958	68666	0	0	1992	19620	71717
28	134.6	348.5	10620	0	74194	40515	51664	0	18492	33808
29	232.5	911.8	33337	12091	56482	26175	13653	51272	0	12737
30	838.1	348.8	9230	0	0	0	21059	25300	41642	13708
31	1157.5	402.6	51486	17704	0	53251	24469	21180	0	32563
32	1284.5	1200.8	32314	0	41663	0	22949	0	6697	66864
33	165.7	527.5	55597	58079	50540	0	52829	32574	74385	0
34	1313.5	602.1	43935	1467	45930	63644	63013	29715	0	0
35	1145.5	677.1	35114	40284	67459	6408	37154	69891	9064	60398
36	246.6	441.2	35061	51489	0	59601	24454	0	0	55812
37	173	258.8	0	2737	0	60535	20573	32200	51876	69333
38	359.7	78.6	28944	20078	64090	42660	0	29910	46359	63929
39	744.4	994.6	0	45294	33471	17830	62838	41800	0	21722
40	1400	112.7	0	58639	49403	28127	20163	1809	0	0
41	466.8	7.9	7728	12912	74220	44777	0	0	18489	55326
42	847	739.1	18852	5310	0	0	0	42892	27683	19757
43	1237.3	377.8	69037	61363	26055	44880	0	28919	17320	52925
44	92.5	774.5	0	51081	7441	15140	46043	0	0	40690
45	1171.5	447.6	30474	0	47974	0	67034	36520	4184	33133
46	43.5	1296.5	53671	57770	23196	4353	52828	53585	56447	58445
47	785.8	1361.1	58365	22938	0	36668	0	0	38293	0
48	324.7	918.7	44151	0	38466	30423	8749	13571	19745	0
49	80.1	216	11174	74449	19597	0	0	35313	7427	40960
50	660.7	759.5	0	34714	66679	9993	7623	47105	0	61464
51	10.7	1141.6	42553	3353	50454	36058	0	17320	0	13413
52	1383.5	1160.8	32647	0	0	46346	8455	13617	60046	16164
53	684.1	449.1	69223	30159	32981	0	53721	9184	74355	0
54	1366	344.9	18787	60141	0	0	52658	0	14518	64757
55	535.8	787	0	7021	68379	74506	32352	24196	0	0
56	494.1	823	60938	0	0	30097	65877	0	0	0
57	940.9	480.9	55078	41561	12280	38158	68502	0	0	74713
58	479.4	1294.5	0	0	62200	74354	0	59300	42237	3233
59	91	115	0	65450	0	0	0	30322	0	0
60	1485.9	870.6	27363	14507	67209	45869	0	0	43892	17761
61	715.8	1118.6	27996	0	47777	43458	67131	0	62628	0
62	1041.4	701.4	21110	1910	0	40700	58418	73240	0	34252
63	759.8	493.5	68280	41849	0	55171	72372	57957	10315	0
64	954.1	948.7	44681	26496	65782	0	0	1512	0	55941
65	668.2	44.1	20983	28200	0	15778	47956	19723	0	54908
66	1001.5	984.7	28008	39380	0	0	54700	0	32953	0
67	691.7	534.4	0	67453	58360	30975	24549	0	0	32452
68	914.4	909.6	1469	63912	60149	67913	57761	63152	48640	5502
69	407.2	1189.9	1306	0	64771	11561	0	0	6299	0
70	9.4	918.2	14703	41465	0	0	14894	0	6293	15415
71	1025.9	814	0	11286	11164	37419	56579	0	9395	15169
72	1499.5	1091.8	0	16371	9458	0	30796	22177	6864	10956
73	643.6	16.9	0	22876	0	0	26790	61365	67960	21454
74	1170.2	498.1	53700	32709	12241	0	3227	54733	27653	0
75	89.2	1416.9	10865	0	28478	0	8628	60411	16169	59279
76	1091.6	975	37600	0	42748	74439	43697	61356	0	30972
77	145.9	895.9	64842	0	39834	66765	40322	22754	64385	0
78	408.3	583.8	25363	10716	10450	0	0	20957	0	43516
79	705.6	990.1	22128	40655	57988	0	43765	0	27179	60209
80	542.6	1392.3	18232	61853	0	0	0	1381	0	43589
81	544.1	637.2	0	31409	62658	0	16828	4618	66048	0
82	270.6	1136	0	0	40660	32677	0	0	12014	55295
83	161.6	1391.4	14729	41173	0	69485	0	0	0	46981
84	1139.1	669.6	18677	51533	69756	36340	56898	51954	0	23581
85	352.8	1494.3	0	47113	32649	42048	0	0	23240	36281
86	576.8	765.1	0	0	74174	14479	35616	67496	8595	26114
87	1067.5	276.7	0	0	0	30161	5360	51624	70134	53419
88	1406	354.3	8373	41929	1077	14920	0	50815	25822	63103
89	527.3	766.4	0	9685	0	52493	0	0	59261	61231
90	819.2	224.4	45014	0	0	12960	46380	48014	46868	19866
91	839.9	658	50513	0	0	4707	23845	25426	46352	0
92	895.8	697.7	10516	4508	29885	0	34385	38528	63475	15746
93	557.6	135.9	52075	68203	42554	62160	28166	56450	43639	3408
94	841.7	784	46663	47536	0	61839	0	21809	55758	40650
95	913.7	1149.2	0	28320	50597	0	53382	72251	12748	0
96	20.4	370	8312	0	0	1216	0	8803	70918	18873
97	901.5	452.5	1389	64487	55529	14831	26222	0	0	68933
98	1249.5	140.5	28624	42261	49487	62327	0	0	0	0
99	256.4	1127.3	62530	44321	0	52289	0	43530	19680	0
100	967.6	764.5	0	0	0	0	46822	46693	28693	74255
101	32.5	429.6	60224	10225	69947	66886	0	69650	34500	69652
102	1032.8	772.7	27693	0	60274	49665	70521	32620	0	0
103	603.5	233.5	57778	57873	66555	0	2311	6146	61186	0
104	452.3	1199.6	0	41875	0	66790	16913	7789	62318	67574
105	821.7	1414.9	66922	0	74677	41221	0	0	61714	0
106	305.2	309.8	48348	0	0	57275	40745	20401	30087	73676
107	1282.7	1218.9	74383	0	31671	52193	65985	26824	10395	47591
108	1460.5	88.4	27794	44261	55583	0	48584	44628	42434	4872
109	291.5	1184.7	33387	18451	1851	58406	0	0	57832	0
110	537	619.4	61007	50545	42427	0	70556	0	0	70841
111	513.7	896.7	37555	10311	41166	0	0	0	55828	59100
112	91.4	1430.1	26179	29927	0	64551	17227	12322	26077	0
113	367.4	610.1	0	0	26831	0	43545	0	18501	52701
114	1214.2	1473.7	41083	0	42864	29615	14974	2557	71492	32334
115	317.3	825.6	23802	20506	40400	49168	42773	0	55805	55118
116	44.4	1274.4	0	0	24748	0	0	0	31180	2103
117	226.4	820.8	46798	71344	2831	45757	21168	42255	74691	50979
118	628	1226.3	0	20615	5310	61810	0	44922	0	53559
119	1288.8	45.1	26146	0	67570	24755	0	63806	4825	0
120	377.3	158	0	816	68948	65889	7733	0	0	41388
121	620.7	1234.3	9288	0	22391	53022	33182	0	29401	45093
122	549.6	1283.5	0	70644	44538	53172	10429	38990	0	0
123	478.9	514.1	24190	71443	0	64895	0	73004	0	40861
124	937.6	1144.7	35689	0	51787	0	0	50123	0	0
125	469.1	1028	37598	74714	41913	73864	53801	22425	43037	32281
126	1123.4	1100.5	0	10409	69173	42929	0	0	38172	19734
127	140.2	1306.2	0	1975	0	5381	71714	0	70805	1948
128	294.4	103.7	49279	60318	62701	0	0	0	0	0
129	309	1484.1	0	35282	4610	71835	0	42332	61383	17175
130	990.5	876.9	73882	54537	0	0	21806	57260	65829	67817
131	1271.4	1321.4	0	69150	69915	0	42597	0	58222	16483
